offset  = 0, 16, 32, 48, 64, 80, 96, 112, 128, 144, 160, 176, 192, 208, 224, 240, 256, 272, 288, 304, 320, 336, 352, 368, 384, 400, 416, 432, 448, 464, 480, 496
offset  = 2097152, 2097168, 2097184, 2097200, 2097216, 2097232, 2097248, 2097264, 2097280, 2097296, 2097312, 2097328, 2097344, 2097360, 2097376, 2097392, 2097408, 2097424, 2097440, 2097456, 2097472, 2097488, 2097504, 2097520, 2097536, 2097552, 2097568, 2097584, 2097600, 2097616, 2097632, 2097648
offset  = 4194304, 4194320, 4194336, 4194352, 4194368, 4194384, 4194400, 4194416, 4194432, 4194448, 4194464, 4194480, 4194496, 4194512, 4194528, 4194544, 4194560, 4194576, 4194592, 4194608, 4194624, 4194640, 4194656, 4194672, 4194688, 4194704, 4194720, 4194736, 4194752, 4194768, 4194784, 4194800
offset  = 6291456, 6291472, 6291488, 6291504, 6291520, 6291536, 6291552, 6291568, 6291584, 6291600, 6291616, 6291632, 6291648, 6291664, 6291680, 6291696, 6291712, 6291728, 6291744, 6291760, 6291776, 6291792, 6291808, 6291824, 6291840, 6291856, 6291872, 6291888, 6291904, 6291920, 6291936, 6291952
offset  = 8388608, 8388624, 8388640, 8388656, 8388672, 8388688, 8388704, 8388720, 8388736, 8388752, 8388768, 8388784, 8388800, 8388816, 8388832, 8388848, 8388864, 8388880, 8388896, 8388912, 8388928, 8388944, 8388960, 8388976, 8388992, 8389008, 8389024, 8389040, 8389056, 8389072, 8389088, 8389104
offset  = 10485760, 10485776, 10485792, 10485808, 10485824, 10485840, 10485856, 10485872, 10485888, 10485904, 10485920, 10485936, 10485952, 10485968, 10485984, 10486000, 10486016, 10486032, 10486048, 10486064, 10486080, 10486096, 10486112, 10486128, 10486144, 10486160, 10486176, 10486192, 10486208, 10486224, 10486240, 10486256
offset  = 12582912, 12582928, 12582944, 12582960, 12582976, 12582992, 12583008, 12583024, 12583040, 12583056, 12583072, 12583088, 12583104, 12583120, 12583136, 12583152, 12583168, 12583184, 12583200, 12583216, 12583232, 12583248, 12583264, 12583280, 12583296, 12583312, 12583328, 12583344, 12583360, 12583376, 12583392, 12583408
offset  = 14680064, 14680080, 14680096, 14680112, 14680128, 14680144, 14680160, 14680176, 14680192, 14680208, 14680224, 14680240, 14680256, 14680272, 14680288, 14680304, 14680320, 14680336, 14680352, 14680368, 14680384, 14680400, 14680416, 14680432, 14680448, 14680464, 14680480, 14680496, 14680512, 14680528, 14680544, 14680560
offset  = 1, 17, 33, 49, 65, 81, 97, 113, 129, 145, 161, 177, 193, 209, 225, 241, 257, 273, 289, 305, 321, 337, 353, 369, 385, 401, 417, 433, 449, 465, 481, 497
offset  = 2097153, 2097169, 2097185, 2097201, 2097217, 2097233, 2097249, 2097265, 2097281, 2097297, 2097313, 2097329, 2097345, 2097361, 2097377, 2097393, 2097409, 2097425, 2097441, 2097457, 2097473, 2097489, 2097505, 2097521, 2097537, 2097553, 2097569, 2097585, 2097601, 2097617, 2097633, 2097649
offset  = 4194305, 4194321, 4194337, 4194353, 4194369, 4194385, 4194401, 4194417, 4194433, 4194449, 4194465, 4194481, 4194497, 4194513, 4194529, 4194545, 4194561, 4194577, 4194593, 4194609, 4194625, 4194641, 4194657, 4194673, 4194689, 4194705, 4194721, 4194737, 4194753, 4194769, 4194785, 4194801
offset  = 6291457, 6291473, 6291489, 6291505, 6291521, 6291537, 6291553, 6291569, 6291585, 6291601, 6291617, 6291633, 6291649, 6291665, 6291681, 6291697, 6291713, 6291729, 6291745, 6291761, 6291777, 6291793, 6291809, 6291825, 6291841, 6291857, 6291873, 6291889, 6291905, 6291921, 6291937, 6291953
offset  = 8388609, 8388625, 8388641, 8388657, 8388673, 8388689, 8388705, 8388721, 8388737, 8388753, 8388769, 8388785, 8388801, 8388817, 8388833, 8388849, 8388865, 8388881, 8388897, 8388913, 8388929, 8388945, 8388961, 8388977, 8388993, 8389009, 8389025, 8389041, 8389057, 8389073, 8389089, 8389105
offset  = 10485761, 10485777, 10485793, 10485809, 10485825, 10485841, 10485857, 10485873, 10485889, 10485905, 10485921, 10485937, 10485953, 10485969, 10485985, 10486001, 10486017, 10486033, 10486049, 10486065, 10486081, 10486097, 10486113, 10486129, 10486145, 10486161, 10486177, 10486193, 10486209, 10486225, 10486241, 10486257
offset  = 12582913, 12582929, 12582945, 12582961, 12582977, 12582993, 12583009, 12583025, 12583041, 12583057, 12583073, 12583089, 12583105, 12583121, 12583137, 12583153, 12583169, 12583185, 12583201, 12583217, 12583233, 12583249, 12583265, 12583281, 12583297, 12583313, 12583329, 12583345, 12583361, 12583377, 12583393, 12583409
offset  = 14680065, 14680081, 14680097, 14680113, 14680129, 14680145, 14680161, 14680177, 14680193, 14680209, 14680225, 14680241, 14680257, 14680273, 14680289, 14680305, 14680321, 14680337, 14680353, 14680369, 14680385, 14680401, 14680417, 14680433, 14680449, 14680465, 14680481, 14680497, 14680513, 14680529, 14680545, 14680561
offset  = 2, 18, 34, 50, 66, 82, 98, 114, 130, 146, 162, 178, 194, 210, 226, 242, 258, 274, 290, 306, 322, 338, 354, 370, 386, 402, 418, 434, 450, 466, 482, 498
offset  = 2097154, 2097170, 2097186, 2097202, 2097218, 2097234, 2097250, 2097266, 2097282, 2097298, 2097314, 2097330, 2097346, 2097362, 2097378, 2097394, 2097410, 2097426, 2097442, 2097458, 2097474, 2097490, 2097506, 2097522, 2097538, 2097554, 2097570, 2097586, 2097602, 2097618, 2097634, 2097650
offset  = 4194306, 4194322, 4194338, 4194354, 4194370, 4194386, 4194402, 4194418, 4194434, 4194450, 4194466, 4194482, 4194498, 4194514, 4194530, 4194546, 4194562, 4194578, 4194594, 4194610, 4194626, 4194642, 4194658, 4194674, 4194690, 4194706, 4194722, 4194738, 4194754, 4194770, 4194786, 4194802
offset  = 6291458, 6291474, 6291490, 6291506, 6291522, 6291538, 6291554, 6291570, 6291586, 6291602, 6291618, 6291634, 6291650, 6291666, 6291682, 6291698, 6291714, 6291730, 6291746, 6291762, 6291778, 6291794, 6291810, 6291826, 6291842, 6291858, 6291874, 6291890, 6291906, 6291922, 6291938, 6291954
offset  = 8388610, 8388626, 8388642, 8388658, 8388674, 8388690, 8388706, 8388722, 8388738, 8388754, 8388770, 8388786, 8388802, 8388818, 8388834, 8388850, 8388866, 8388882, 8388898, 8388914, 8388930, 8388946, 8388962, 8388978, 8388994, 8389010, 8389026, 8389042, 8389058, 8389074, 8389090, 8389106
offset  = 10485762, 10485778, 10485794, 10485810, 10485826, 10485842, 10485858, 10485874, 10485890, 10485906, 10485922, 10485938, 10485954, 10485970, 10485986, 10486002, 10486018, 10486034, 10486050, 10486066, 10486082, 10486098, 10486114, 10486130, 10486146, 10486162, 10486178, 10486194, 10486210, 10486226, 10486242, 10486258
offset  = 12582914, 12582930, 12582946, 12582962, 12582978, 12582994, 12583010, 12583026, 12583042, 12583058, 12583074, 12583090, 12583106, 12583122, 12583138, 12583154, 12583170, 12583186, 12583202, 12583218, 12583234, 12583250, 12583266, 12583282, 12583298, 12583314, 12583330, 12583346, 12583362, 12583378, 12583394, 12583410
offset  = 14680066, 14680082, 14680098, 14680114, 14680130, 14680146, 14680162, 14680178, 14680194, 14680210, 14680226, 14680242, 14680258, 14680274, 14680290, 14680306, 14680322, 14680338, 14680354, 14680370, 14680386, 14680402, 14680418, 14680434, 14680450, 14680466, 14680482, 14680498, 14680514, 14680530, 14680546, 14680562
offset  = 3, 19, 35, 51, 67, 83, 99, 115, 131, 147, 163, 179, 195, 211, 227, 243, 259, 275, 291, 307, 323, 339, 355, 371, 387, 403, 419, 435, 451, 467, 483, 499
offset  = 2097155, 2097171, 2097187, 2097203, 2097219, 2097235, 2097251, 2097267, 2097283, 2097299, 2097315, 2097331, 2097347, 2097363, 2097379, 2097395, 2097411, 2097427, 2097443, 2097459, 2097475, 2097491, 2097507, 2097523, 2097539, 2097555, 2097571, 2097587, 2097603, 2097619, 2097635, 2097651
offset  = 4194307, 4194323, 4194339, 4194355, 4194371, 4194387, 4194403, 4194419, 4194435, 4194451, 4194467, 4194483, 4194499, 4194515, 4194531, 4194547, 4194563, 4194579, 4194595, 4194611, 4194627, 4194643, 4194659, 4194675, 4194691, 4194707, 4194723, 4194739, 4194755, 4194771, 4194787, 4194803
offset  = 6291459, 6291475, 6291491, 6291507, 6291523, 6291539, 6291555, 6291571, 6291587, 6291603, 6291619, 6291635, 6291651, 6291667, 6291683, 6291699, 6291715, 6291731, 6291747, 6291763, 6291779, 6291795, 6291811, 6291827, 6291843, 6291859, 6291875, 6291891, 6291907, 6291923, 6291939, 6291955
offset  = 8388611, 8388627, 8388643, 8388659, 8388675, 8388691, 8388707, 8388723, 8388739, 8388755, 8388771, 8388787, 8388803, 8388819, 8388835, 8388851, 8388867, 8388883, 8388899, 8388915, 8388931, 8388947, 8388963, 8388979, 8388995, 8389011, 8389027, 8389043, 8389059, 8389075, 8389091, 8389107
offset  = 10485763, 10485779, 10485795, 10485811, 10485827, 10485843, 10485859, 10485875, 10485891, 10485907, 10485923, 10485939, 10485955, 10485971, 10485987, 10486003, 10486019, 10486035, 10486051, 10486067, 10486083, 10486099, 10486115, 10486131, 10486147, 10486163, 10486179, 10486195, 10486211, 10486227, 10486243, 10486259
offset  = 12582915, 12582931, 12582947, 12582963, 12582979, 12582995, 12583011, 12583027, 12583043, 12583059, 12583075, 12583091, 12583107, 12583123, 12583139, 12583155, 12583171, 12583187, 12583203, 12583219, 12583235, 12583251, 12583267, 12583283, 12583299, 12583315, 12583331, 12583347, 12583363, 12583379, 12583395, 12583411
offset  = 14680067, 14680083, 14680099, 14680115, 14680131, 14680147, 14680163, 14680179, 14680195, 14680211, 14680227, 14680243, 14680259, 14680275, 14680291, 14680307, 14680323, 14680339, 14680355, 14680371, 14680387, 14680403, 14680419, 14680435, 14680451, 14680467, 14680483, 14680499, 14680515, 14680531, 14680547, 14680563
offset  = 8, 24, 40, 56, 72, 88, 104, 120, 136, 152, 168, 184, 200, 216, 232, 248, 264, 280, 296, 312, 328, 344, 360, 376, 392, 408, 424, 440, 456, 472, 488, 504
offset  = 2097160, 2097176, 2097192, 2097208, 2097224, 2097240, 2097256, 2097272, 2097288, 2097304, 2097320, 2097336, 2097352, 2097368, 2097384, 2097400, 2097416, 2097432, 2097448, 2097464, 2097480, 2097496, 2097512, 2097528, 2097544, 2097560, 2097576, 2097592, 2097608, 2097624, 2097640, 2097656
offset  = 4194312, 4194328, 4194344, 4194360, 4194376, 4194392, 4194408, 4194424, 4194440, 4194456, 4194472, 4194488, 4194504, 4194520, 4194536, 4194552, 4194568, 4194584, 4194600, 4194616, 4194632, 4194648, 4194664, 4194680, 4194696, 4194712, 4194728, 4194744, 4194760, 4194776, 4194792, 4194808
offset  = 6291464, 6291480, 6291496, 6291512, 6291528, 6291544, 6291560, 6291576, 6291592, 6291608, 6291624, 6291640, 6291656, 6291672, 6291688, 6291704, 6291720, 6291736, 6291752, 6291768, 6291784, 6291800, 6291816, 6291832, 6291848, 6291864, 6291880, 6291896, 6291912, 6291928, 6291944, 6291960
offset  = 8388616, 8388632, 8388648, 8388664, 8388680, 8388696, 8388712, 8388728, 8388744, 8388760, 8388776, 8388792, 8388808, 8388824, 8388840, 8388856, 8388872, 8388888, 8388904, 8388920, 8388936, 8388952, 8388968, 8388984, 8389000, 8389016, 8389032, 8389048, 8389064, 8389080, 8389096, 8389112
offset  = 10485768, 10485784, 10485800, 10485816, 10485832, 10485848, 10485864, 10485880, 10485896, 10485912, 10485928, 10485944, 10485960, 10485976, 10485992, 10486008, 10486024, 10486040, 10486056, 10486072, 10486088, 10486104, 10486120, 10486136, 10486152, 10486168, 10486184, 10486200, 10486216, 10486232, 10486248, 10486264
offset  = 12582920, 12582936, 12582952, 12582968, 12582984, 12583000, 12583016, 12583032, 12583048, 12583064, 12583080, 12583096, 12583112, 12583128, 12583144, 12583160, 12583176, 12583192, 12583208, 12583224, 12583240, 12583256, 12583272, 12583288, 12583304, 12583320, 12583336, 12583352, 12583368, 12583384, 12583400, 12583416
offset  = 14680072, 14680088, 14680104, 14680120, 14680136, 14680152, 14680168, 14680184, 14680200, 14680216, 14680232, 14680248, 14680264, 14680280, 14680296, 14680312, 14680328, 14680344, 14680360, 14680376, 14680392, 14680408, 14680424, 14680440, 14680456, 14680472, 14680488, 14680504, 14680520, 14680536, 14680552, 14680568
offset  = 9, 25, 41, 57, 73, 89, 105, 121, 137, 153, 169, 185, 201, 217, 233, 249, 265, 281, 297, 313, 329, 345, 361, 377, 393, 409, 425, 441, 457, 473, 489, 505
offset  = 2097161, 2097177, 2097193, 2097209, 2097225, 2097241, 2097257, 2097273, 2097289, 2097305, 2097321, 2097337, 2097353, 2097369, 2097385, 2097401, 2097417, 2097433, 2097449, 2097465, 2097481, 2097497, 2097513, 2097529, 2097545, 2097561, 2097577, 2097593, 2097609, 2097625, 2097641, 2097657
offset  = 4194313, 4194329, 4194345, 4194361, 4194377, 4194393, 4194409, 4194425, 4194441, 4194457, 4194473, 4194489, 4194505, 4194521, 4194537, 4194553, 4194569, 4194585, 4194601, 4194617, 4194633, 4194649, 4194665, 4194681, 4194697, 4194713, 4194729, 4194745, 4194761, 4194777, 4194793, 4194809
offset  = 6291465, 6291481, 6291497, 6291513, 6291529, 6291545, 6291561, 6291577, 6291593, 6291609, 6291625, 6291641, 6291657, 6291673, 6291689, 6291705, 6291721, 6291737, 6291753, 6291769, 6291785, 6291801, 6291817, 6291833, 6291849, 6291865, 6291881, 6291897, 6291913, 6291929, 6291945, 6291961
offset  = 8388617, 8388633, 8388649, 8388665, 8388681, 8388697, 8388713, 8388729, 8388745, 8388761, 8388777, 8388793, 8388809, 8388825, 8388841, 8388857, 8388873, 8388889, 8388905, 8388921, 8388937, 8388953, 8388969, 8388985, 8389001, 8389017, 8389033, 8389049, 8389065, 8389081, 8389097, 8389113
offset  = 10485769, 10485785, 10485801, 10485817, 10485833, 10485849, 10485865, 10485881, 10485897, 10485913, 10485929, 10485945, 10485961, 10485977, 10485993, 10486009, 10486025, 10486041, 10486057, 10486073, 10486089, 10486105, 10486121, 10486137, 10486153, 10486169, 10486185, 10486201, 10486217, 10486233, 10486249, 10486265
offset  = 12582921, 12582937, 12582953, 12582969, 12582985, 12583001, 12583017, 12583033, 12583049, 12583065, 12583081, 12583097, 12583113, 12583129, 12583145, 12583161, 12583177, 12583193, 12583209, 12583225, 12583241, 12583257, 12583273, 12583289, 12583305, 12583321, 12583337, 12583353, 12583369, 12583385, 12583401, 12583417
offset  = 14680073, 14680089, 14680105, 14680121, 14680137, 14680153, 14680169, 14680185, 14680201, 14680217, 14680233, 14680249, 14680265, 14680281, 14680297, 14680313, 14680329, 14680345, 14680361, 14680377, 14680393, 14680409, 14680425, 14680441, 14680457, 14680473, 14680489, 14680505, 14680521, 14680537, 14680553, 14680569
offset  = 10, 26, 42, 58, 74, 90, 106, 122, 138, 154, 170, 186, 202, 218, 234, 250, 266, 282, 298, 314, 330, 346, 362, 378, 394, 410, 426, 442, 458, 474, 490, 506
offset  = 2097162, 2097178, 2097194, 2097210, 2097226, 2097242, 2097258, 2097274, 2097290, 2097306, 2097322, 2097338, 2097354, 2097370, 2097386, 2097402, 2097418, 2097434, 2097450, 2097466, 2097482, 2097498, 2097514, 2097530, 2097546, 2097562, 2097578, 2097594, 2097610, 2097626, 2097642, 2097658
offset  = 4194314, 4194330, 4194346, 4194362, 4194378, 4194394, 4194410, 4194426, 4194442, 4194458, 4194474, 4194490, 4194506, 4194522, 4194538, 4194554, 4194570, 4194586, 4194602, 4194618, 4194634, 4194650, 4194666, 4194682, 4194698, 4194714, 4194730, 4194746, 4194762, 4194778, 4194794, 4194810
offset  = 6291466, 6291482, 6291498, 6291514, 6291530, 6291546, 6291562, 6291578, 6291594, 6291610, 6291626, 6291642, 6291658, 6291674, 6291690, 6291706, 6291722, 6291738, 6291754, 6291770, 6291786, 6291802, 6291818, 6291834, 6291850, 6291866, 6291882, 6291898, 6291914, 6291930, 6291946, 6291962
offset  = 8388618, 8388634, 8388650, 8388666, 8388682, 8388698, 8388714, 8388730, 8388746, 8388762, 8388778, 8388794, 8388810, 8388826, 8388842, 8388858, 8388874, 8388890, 8388906, 8388922, 8388938, 8388954, 8388970, 8388986, 8389002, 8389018, 8389034, 8389050, 8389066, 8389082, 8389098, 8389114
offset  = 10485770, 10485786, 10485802, 10485818, 10485834, 10485850, 10485866, 10485882, 10485898, 10485914, 10485930, 10485946, 10485962, 10485978, 10485994, 10486010, 10486026, 10486042, 10486058, 10486074, 10486090, 10486106, 10486122, 10486138, 10486154, 10486170, 10486186, 10486202, 10486218, 10486234, 10486250, 10486266
offset  = 12582922, 12582938, 12582954, 12582970, 12582986, 12583002, 12583018, 12583034, 12583050, 12583066, 12583082, 12583098, 12583114, 12583130, 12583146, 12583162, 12583178, 12583194, 12583210, 12583226, 12583242, 12583258, 12583274, 12583290, 12583306, 12583322, 12583338, 12583354, 12583370, 12583386, 12583402, 12583418
offset  = 14680074, 14680090, 14680106, 14680122, 14680138, 14680154, 14680170, 14680186, 14680202, 14680218, 14680234, 14680250, 14680266, 14680282, 14680298, 14680314, 14680330, 14680346, 14680362, 14680378, 14680394, 14680410, 14680426, 14680442, 14680458, 14680474, 14680490, 14680506, 14680522, 14680538, 14680554, 14680570
offset  = 11, 27, 43, 59, 75, 91, 107, 123, 139, 155, 171, 187, 203, 219, 235, 251, 267, 283, 299, 315, 331, 347, 363, 379, 395, 411, 427, 443, 459, 475, 491, 507
offset  = 2097163, 2097179, 2097195, 2097211, 2097227, 2097243, 2097259, 2097275, 2097291, 2097307, 2097323, 2097339, 2097355, 2097371, 2097387, 2097403, 2097419, 2097435, 2097451, 2097467, 2097483, 2097499, 2097515, 2097531, 2097547, 2097563, 2097579, 2097595, 2097611, 2097627, 2097643, 2097659
offset  = 4194315, 4194331, 4194347, 4194363, 4194379, 4194395, 4194411, 4194427, 4194443, 4194459, 4194475, 4194491, 4194507, 4194523, 4194539, 4194555, 4194571, 4194587, 4194603, 4194619, 4194635, 4194651, 4194667, 4194683, 4194699, 4194715, 4194731, 4194747, 4194763, 4194779, 4194795, 4194811
offset  = 6291467, 6291483, 6291499, 6291515, 6291531, 6291547, 6291563, 6291579, 6291595, 6291611, 6291627, 6291643, 6291659, 6291675, 6291691, 6291707, 6291723, 6291739, 6291755, 6291771, 6291787, 6291803, 6291819, 6291835, 6291851, 6291867, 6291883, 6291899, 6291915, 6291931, 6291947, 6291963
offset  = 8388619, 8388635, 8388651, 8388667, 8388683, 8388699, 8388715, 8388731, 8388747, 8388763, 8388779, 8388795, 8388811, 8388827, 8388843, 8388859, 8388875, 8388891, 8388907, 8388923, 8388939, 8388955, 8388971, 8388987, 8389003, 8389019, 8389035, 8389051, 8389067, 8389083, 8389099, 8389115
offset  = 10485771, 10485787, 10485803, 10485819, 10485835, 10485851, 10485867, 10485883, 10485899, 10485915, 10485931, 10485947, 10485963, 10485979, 10485995, 10486011, 10486027, 10486043, 10486059, 10486075, 10486091, 10486107, 10486123, 10486139, 10486155, 10486171, 10486187, 10486203, 10486219, 10486235, 10486251, 10486267
offset  = 12582923, 12582939, 12582955, 12582971, 12582987, 12583003, 12583019, 12583035, 12583051, 12583067, 12583083, 12583099, 12583115, 12583131, 12583147, 12583163, 12583179, 12583195, 12583211, 12583227, 12583243, 12583259, 12583275, 12583291, 12583307, 12583323, 12583339, 12583355, 12583371, 12583387, 12583403, 12583419
offset  = 14680075, 14680091, 14680107, 14680123, 14680139, 14680155, 14680171, 14680187, 14680203, 14680219, 14680235, 14680251, 14680267, 14680283, 14680299, 14680315, 14680331, 14680347, 14680363, 14680379, 14680395, 14680411, 14680427, 14680443, 14680459, 14680475, 14680491, 14680507, 14680523, 14680539, 14680555, 14680571
offset  = 12, 28, 44, 60, 76, 92, 108, 124, 140, 156, 172, 188, 204, 220, 236, 252, 268, 284, 300, 316, 332, 348, 364, 380, 396, 412, 428, 444, 460, 476, 492, 508
offset  = 2097164, 2097180, 2097196, 2097212, 2097228, 2097244, 2097260, 2097276, 2097292, 2097308, 2097324, 2097340, 2097356, 2097372, 2097388, 2097404, 2097420, 2097436, 2097452, 2097468, 2097484, 2097500, 2097516, 2097532, 2097548, 2097564, 2097580, 2097596, 2097612, 2097628, 2097644, 2097660
offset  = 4194316, 4194332, 4194348, 4194364, 4194380, 4194396, 4194412, 4194428, 4194444, 4194460, 4194476, 4194492, 4194508, 4194524, 4194540, 4194556, 4194572, 4194588, 4194604, 4194620, 4194636, 4194652, 4194668, 4194684, 4194700, 4194716, 4194732, 4194748, 4194764, 4194780, 4194796, 4194812
offset  = 6291468, 6291484, 6291500, 6291516, 6291532, 6291548, 6291564, 6291580, 6291596, 6291612, 6291628, 6291644, 6291660, 6291676, 6291692, 6291708, 6291724, 6291740, 6291756, 6291772, 6291788, 6291804, 6291820, 6291836, 6291852, 6291868, 6291884, 6291900, 6291916, 6291932, 6291948, 6291964
offset  = 8388620, 8388636, 8388652, 8388668, 8388684, 8388700, 8388716, 8388732, 8388748, 8388764, 8388780, 8388796, 8388812, 8388828, 8388844, 8388860, 8388876, 8388892, 8388908, 8388924, 8388940, 8388956, 8388972, 8388988, 8389004, 8389020, 8389036, 8389052, 8389068, 8389084, 8389100, 8389116
offset  = 10485772, 10485788, 10485804, 10485820, 10485836, 10485852, 10485868, 10485884, 10485900, 10485916, 10485932, 10485948, 10485964, 10485980, 10485996, 10486012, 10486028, 10486044, 10486060, 10486076, 10486092, 10486108, 10486124, 10486140, 10486156, 10486172, 10486188, 10486204, 10486220, 10486236, 10486252, 10486268
offset  = 12582924, 12582940, 12582956, 12582972, 12582988, 12583004, 12583020, 12583036, 12583052, 12583068, 12583084, 12583100, 12583116, 12583132, 12583148, 12583164, 12583180, 12583196, 12583212, 12583228, 12583244, 12583260, 12583276, 12583292, 12583308, 12583324, 12583340, 12583356, 12583372, 12583388, 12583404, 12583420
offset  = 14680076, 14680092, 14680108, 14680124, 14680140, 14680156, 14680172, 14680188, 14680204, 14680220, 14680236, 14680252, 14680268, 14680284, 14680300, 14680316, 14680332, 14680348, 14680364, 14680380, 14680396, 14680412, 14680428, 14680444, 14680460, 14680476, 14680492, 14680508, 14680524, 14680540, 14680556, 14680572
offset  = 13, 29, 45, 61, 77, 93, 109, 125, 141, 157, 173, 189, 205, 221, 237, 253, 269, 285, 301, 317, 333, 349, 365, 381, 397, 413, 429, 445, 461, 477, 493, 509
offset  = 2097165, 2097181, 2097197, 2097213, 2097229, 2097245, 2097261, 2097277, 2097293, 2097309, 2097325, 2097341, 2097357, 2097373, 2097389, 2097405, 2097421, 2097437, 2097453, 2097469, 2097485, 2097501, 2097517, 2097533, 2097549, 2097565, 2097581, 2097597, 2097613, 2097629, 2097645, 2097661
offset  = 4194317, 4194333, 4194349, 4194365, 4194381, 4194397, 4194413, 4194429, 4194445, 4194461, 4194477, 4194493, 4194509, 4194525, 4194541, 4194557, 4194573, 4194589, 4194605, 4194621, 4194637, 4194653, 4194669, 4194685, 4194701, 4194717, 4194733, 4194749, 4194765, 4194781, 4194797, 4194813
offset  = 6291469, 6291485, 6291501, 6291517, 6291533, 6291549, 6291565, 6291581, 6291597, 6291613, 6291629, 6291645, 6291661, 6291677, 6291693, 6291709, 6291725, 6291741, 6291757, 6291773, 6291789, 6291805, 6291821, 6291837, 6291853, 6291869, 6291885, 6291901, 6291917, 6291933, 6291949, 6291965
offset  = 8388621, 8388637, 8388653, 8388669, 8388685, 8388701, 8388717, 8388733, 8388749, 8388765, 8388781, 8388797, 8388813, 8388829, 8388845, 8388861, 8388877, 8388893, 8388909, 8388925, 8388941, 8388957, 8388973, 8388989, 8389005, 8389021, 8389037, 8389053, 8389069, 8389085, 8389101, 8389117
offset  = 10485773, 10485789, 10485805, 10485821, 10485837, 10485853, 10485869, 10485885, 10485901, 10485917, 10485933, 10485949, 10485965, 10485981, 10485997, 10486013, 10486029, 10486045, 10486061, 10486077, 10486093, 10486109, 10486125, 10486141, 10486157, 10486173, 10486189, 10486205, 10486221, 10486237, 10486253, 10486269
offset  = 12582925, 12582941, 12582957, 12582973, 12582989, 12583005, 12583021, 12583037, 12583053, 12583069, 12583085, 12583101, 12583117, 12583133, 12583149, 12583165, 12583181, 12583197, 12583213, 12583229, 12583245, 12583261, 12583277, 12583293, 12583309, 12583325, 12583341, 12583357, 12583373, 12583389, 12583405, 12583421
offset  = 14680077, 14680093, 14680109, 14680125, 14680141, 14680157, 14680173, 14680189, 14680205, 14680221, 14680237, 14680253, 14680269, 14680285, 14680301, 14680317, 14680333, 14680349, 14680365, 14680381, 14680397, 14680413, 14680429, 14680445, 14680461, 14680477, 14680493, 14680509, 14680525, 14680541, 14680557, 14680573
offset  = 14, 30, 46, 62, 78, 94, 110, 126, 142, 158, 174, 190, 206, 222, 238, 254, 270, 286, 302, 318, 334, 350, 366, 382, 398, 414, 430, 446, 462, 478, 494, 510
offset  = 2097166, 2097182, 2097198, 2097214, 2097230, 2097246, 2097262, 2097278, 2097294, 2097310, 2097326, 2097342, 2097358, 2097374, 2097390, 2097406, 2097422, 2097438, 2097454, 2097470, 2097486, 2097502, 2097518, 2097534, 2097550, 2097566, 2097582, 2097598, 2097614, 2097630, 2097646, 2097662
offset  = 4194318, 4194334, 4194350, 4194366, 4194382, 4194398, 4194414, 4194430, 4194446, 4194462, 4194478, 4194494, 4194510, 4194526, 4194542, 4194558, 4194574, 4194590, 4194606, 4194622, 4194638, 4194654, 4194670, 4194686, 4194702, 4194718, 4194734, 4194750, 4194766, 4194782, 4194798, 4194814
offset  = 6291470, 6291486, 6291502, 6291518, 6291534, 6291550, 6291566, 6291582, 6291598, 6291614, 6291630, 6291646, 6291662, 6291678, 6291694, 6291710, 6291726, 6291742, 6291758, 6291774, 6291790, 6291806, 6291822, 6291838, 6291854, 6291870, 6291886, 6291902, 6291918, 6291934, 6291950, 6291966
offset  = 8388622, 8388638, 8388654, 8388670, 8388686, 8388702, 8388718, 8388734, 8388750, 8388766, 8388782, 8388798, 8388814, 8388830, 8388846, 8388862, 8388878, 8388894, 8388910, 8388926, 8388942, 8388958, 8388974, 8388990, 8389006, 8389022, 8389038, 8389054, 8389070, 8389086, 8389102, 8389118
offset  = 10485774, 10485790, 10485806, 10485822, 10485838, 10485854, 10485870, 10485886, 10485902, 10485918, 10485934, 10485950, 10485966, 10485982, 10485998, 10486014, 10486030, 10486046, 10486062, 10486078, 10486094, 10486110, 10486126, 10486142, 10486158, 10486174, 10486190, 10486206, 10486222, 10486238, 10486254, 10486270
offset  = 12582926, 12582942, 12582958, 12582974, 12582990, 12583006, 12583022, 12583038, 12583054, 12583070, 12583086, 12583102, 12583118, 12583134, 12583150, 12583166, 12583182, 12583198, 12583214, 12583230, 12583246, 12583262, 12583278, 12583294, 12583310, 12583326, 12583342, 12583358, 12583374, 12583390, 12583406, 12583422
offset  = 14680078, 14680094, 14680110, 14680126, 14680142, 14680158, 14680174, 14680190, 14680206, 14680222, 14680238, 14680254, 14680270, 14680286, 14680302, 14680318, 14680334, 14680350, 14680366, 14680382, 14680398, 14680414, 14680430, 14680446, 14680462, 14680478, 14680494, 14680510, 14680526, 14680542, 14680558, 14680574
offset  = 15, 31, 47, 63, 79, 95, 111, 127, 143, 159, 175, 191, 207, 223, 239, 255, 271, 287, 303, 319, 335, 351, 367, 383, 399, 415, 431, 447, 463, 479, 495, 511
offset  = 2097167, 2097183, 2097199, 2097215, 2097231, 2097247, 2097263, 2097279, 2097295, 2097311, 2097327, 2097343, 2097359, 2097375, 2097391, 2097407, 2097423, 2097439, 2097455, 2097471, 2097487, 2097503, 2097519, 2097535, 2097551, 2097567, 2097583, 2097599, 2097615, 2097631, 2097647, 2097663
offset  = 4194319, 4194335, 4194351, 4194367, 4194383, 4194399, 4194415, 4194431, 4194447, 4194463, 4194479, 4194495, 4194511, 4194527, 4194543, 4194559, 4194575, 4194591, 4194607, 4194623, 4194639, 4194655, 4194671, 4194687, 4194703, 4194719, 4194735, 4194751, 4194767, 4194783, 4194799, 4194815
offset  = 6291471, 6291487, 6291503, 6291519, 6291535, 6291551, 6291567, 6291583, 6291599, 6291615, 6291631, 6291647, 6291663, 6291679, 6291695, 6291711, 6291727, 6291743, 6291759, 6291775, 6291791, 6291807, 6291823, 6291839, 6291855, 6291871, 6291887, 6291903, 6291919, 6291935, 6291951, 6291967
offset  = 8388623, 8388639, 8388655, 8388671, 8388687, 8388703, 8388719, 8388735, 8388751, 8388767, 8388783, 8388799, 8388815, 8388831, 8388847, 8388863, 8388879, 8388895, 8388911, 8388927, 8388943, 8388959, 8388975, 8388991, 8389007, 8389023, 8389039, 8389055, 8389071, 8389087, 8389103, 8389119
offset  = 10485775, 10485791, 10485807, 10485823, 10485839, 10485855, 10485871, 10485887, 10485903, 10485919, 10485935, 10485951, 10485967, 10485983, 10485999, 10486015, 10486031, 10486047, 10486063, 10486079, 10486095, 10486111, 10486127, 10486143, 10486159, 10486175, 10486191, 10486207, 10486223, 10486239, 10486255, 10486271
offset  = 12582927, 12582943, 12582959, 12582975, 12582991, 12583007, 12583023, 12583039, 12583055, 12583071, 12583087, 12583103, 12583119, 12583135, 12583151, 12583167, 12583183, 12583199, 12583215, 12583231, 12583247, 12583263, 12583279, 12583295, 12583311, 12583327, 12583343, 12583359, 12583375, 12583391, 12583407, 12583423
offset  = 14680079, 14680095, 14680111, 14680127, 14680143, 14680159, 14680175, 14680191, 14680207, 14680223, 14680239, 14680255, 14680271, 14680287, 14680303, 14680319, 14680335, 14680351, 14680367, 14680383, 14680399, 14680415, 14680431, 14680447, 14680463, 14680479, 14680495, 14680511, 14680527, 14680543, 14680559, 14680575
offset  = 4, 20, 36, 52, 68, 84, 100, 116, 132, 148, 164, 180, 196, 212, 228, 244, 260, 276, 292, 308, 324, 340, 356, 372, 388, 404, 420, 436, 452, 468, 484, 500
offset  = 2097156, 2097172, 2097188, 2097204, 2097220, 2097236, 2097252, 2097268, 2097284, 2097300, 2097316, 2097332, 2097348, 2097364, 2097380, 2097396, 2097412, 2097428, 2097444, 2097460, 2097476, 2097492, 2097508, 2097524, 2097540, 2097556, 2097572, 2097588, 2097604, 2097620, 2097636, 2097652
offset  = 4194308, 4194324, 4194340, 4194356, 4194372, 4194388, 4194404, 4194420, 4194436, 4194452, 4194468, 4194484, 4194500, 4194516, 4194532, 4194548, 4194564, 4194580, 4194596, 4194612, 4194628, 4194644, 4194660, 4194676, 4194692, 4194708, 4194724, 4194740, 4194756, 4194772, 4194788, 4194804
offset  = 6291460, 6291476, 6291492, 6291508, 6291524, 6291540, 6291556, 6291572, 6291588, 6291604, 6291620, 6291636, 6291652, 6291668, 6291684, 6291700, 6291716, 6291732, 6291748, 6291764, 6291780, 6291796, 6291812, 6291828, 6291844, 6291860, 6291876, 6291892, 6291908, 6291924, 6291940, 6291956
offset  = 8388612, 8388628, 8388644, 8388660, 8388676, 8388692, 8388708, 8388724, 8388740, 8388756, 8388772, 8388788, 8388804, 8388820, 8388836, 8388852, 8388868, 8388884, 8388900, 8388916, 8388932, 8388948, 8388964, 8388980, 8388996, 8389012, 8389028, 8389044, 8389060, 8389076, 8389092, 8389108
offset  = 10485764, 10485780, 10485796, 10485812, 10485828, 10485844, 10485860, 10485876, 10485892, 10485908, 10485924, 10485940, 10485956, 10485972, 10485988, 10486004, 10486020, 10486036, 10486052, 10486068, 10486084, 10486100, 10486116, 10486132, 10486148, 10486164, 10486180, 10486196, 10486212, 10486228, 10486244, 10486260
offset  = 12582916, 12582932, 12582948, 12582964, 12582980, 12582996, 12583012, 12583028, 12583044, 12583060, 12583076, 12583092, 12583108, 12583124, 12583140, 12583156, 12583172, 12583188, 12583204, 12583220, 12583236, 12583252, 12583268, 12583284, 12583300, 12583316, 12583332, 12583348, 12583364, 12583380, 12583396, 12583412
offset  = 14680068, 14680084, 14680100, 14680116, 14680132, 14680148, 14680164, 14680180, 14680196, 14680212, 14680228, 14680244, 14680260, 14680276, 14680292, 14680308, 14680324, 14680340, 14680356, 14680372, 14680388, 14680404, 14680420, 14680436, 14680452, 14680468, 14680484, 14680500, 14680516, 14680532, 14680548, 14680564
offset  = 5, 21, 37, 53, 69, 85, 101, 117, 133, 149, 165, 181, 197, 213, 229, 245, 261, 277, 293, 309, 325, 341, 357, 373, 389, 405, 421, 437, 453, 469, 485, 501
offset  = 2097157, 2097173, 2097189, 2097205, 2097221, 2097237, 2097253, 2097269, 2097285, 2097301, 2097317, 2097333, 2097349, 2097365, 2097381, 2097397, 2097413, 2097429, 2097445, 2097461, 2097477, 2097493, 2097509, 2097525, 2097541, 2097557, 2097573, 2097589, 2097605, 2097621, 2097637, 2097653
offset  = 4194309, 4194325, 4194341, 4194357, 4194373, 4194389, 4194405, 4194421, 4194437, 4194453, 4194469, 4194485, 4194501, 4194517, 4194533, 4194549, 4194565, 4194581, 4194597, 4194613, 4194629, 4194645, 4194661, 4194677, 4194693, 4194709, 4194725, 4194741, 4194757, 4194773, 4194789, 4194805
offset  = 6291461, 6291477, 6291493, 6291509, 6291525, 6291541, 6291557, 6291573, 6291589, 6291605, 6291621, 6291637, 6291653, 6291669, 6291685, 6291701, 6291717, 6291733, 6291749, 6291765, 6291781, 6291797, 6291813, 6291829, 6291845, 6291861, 6291877, 6291893, 6291909, 6291925, 6291941, 6291957
offset  = 8388613, 8388629, 8388645, 8388661, 8388677, 8388693, 8388709, 8388725, 8388741, 8388757, 8388773, 8388789, 8388805, 8388821, 8388837, 8388853, 8388869, 8388885, 8388901, 8388917, 8388933, 8388949, 8388965, 8388981, 8388997, 8389013, 8389029, 8389045, 8389061, 8389077, 8389093, 8389109
offset  = 10485765, 10485781, 10485797, 10485813, 10485829, 10485845, 10485861, 10485877, 10485893, 10485909, 10485925, 10485941, 10485957, 10485973, 10485989, 10486005, 10486021, 10486037, 10486053, 10486069, 10486085, 10486101, 10486117, 10486133, 10486149, 10486165, 10486181, 10486197, 10486213, 10486229, 10486245, 10486261
offset  = 12582917, 12582933, 12582949, 12582965, 12582981, 12582997, 12583013, 12583029, 12583045, 12583061, 12583077, 12583093, 12583109, 12583125, 12583141, 12583157, 12583173, 12583189, 12583205, 12583221, 12583237, 12583253, 12583269, 12583285, 12583301, 12583317, 12583333, 12583349, 12583365, 12583381, 12583397, 12583413
offset  = 14680069, 14680085, 14680101, 14680117, 14680133, 14680149, 14680165, 14680181, 14680197, 14680213, 14680229, 14680245, 14680261, 14680277, 14680293, 14680309, 14680325, 14680341, 14680357, 14680373, 14680389, 14680405, 14680421, 14680437, 14680453, 14680469, 14680485, 14680501, 14680517, 14680533, 14680549, 14680565
offset  = 6, 22, 38, 54, 70, 86, 102, 118, 134, 150, 166, 182, 198, 214, 230, 246, 262, 278, 294, 310, 326, 342, 358, 374, 390, 406, 422, 438, 454, 470, 486, 502
offset  = 2097158, 2097174, 2097190, 2097206, 2097222, 2097238, 2097254, 2097270, 2097286, 2097302, 2097318, 2097334, 2097350, 2097366, 2097382, 2097398, 2097414, 2097430, 2097446, 2097462, 2097478, 2097494, 2097510, 2097526, 2097542, 2097558, 2097574, 2097590, 2097606, 2097622, 2097638, 2097654
offset  = 4194310, 4194326, 4194342, 4194358, 4194374, 4194390, 4194406, 4194422, 4194438, 4194454, 4194470, 4194486, 4194502, 4194518, 4194534, 4194550, 4194566, 4194582, 4194598, 4194614, 4194630, 4194646, 4194662, 4194678, 4194694, 4194710, 4194726, 4194742, 4194758, 4194774, 4194790, 4194806
offset  = 6291462, 6291478, 6291494, 6291510, 6291526, 6291542, 6291558, 6291574, 6291590, 6291606, 6291622, 6291638, 6291654, 6291670, 6291686, 6291702, 6291718, 6291734, 6291750, 6291766, 6291782, 6291798, 6291814, 6291830, 6291846, 6291862, 6291878, 6291894, 6291910, 6291926, 6291942, 6291958
offset  = 8388614, 8388630, 8388646, 8388662, 8388678, 8388694, 8388710, 8388726, 8388742, 8388758, 8388774, 8388790, 8388806, 8388822, 8388838, 8388854, 8388870, 8388886, 8388902, 8388918, 8388934, 8388950, 8388966, 8388982, 8388998, 8389014, 8389030, 8389046, 8389062, 8389078, 8389094, 8389110
offset  = 10485766, 10485782, 10485798, 10485814, 10485830, 10485846, 10485862, 10485878, 10485894, 10485910, 10485926, 10485942, 10485958, 10485974, 10485990, 10486006, 10486022, 10486038, 10486054, 10486070, 10486086, 10486102, 10486118, 10486134, 10486150, 10486166, 10486182, 10486198, 10486214, 10486230, 10486246, 10486262
offset  = 12582918, 12582934, 12582950, 12582966, 12582982, 12582998, 12583014, 12583030, 12583046, 12583062, 12583078, 12583094, 12583110, 12583126, 12583142, 12583158, 12583174, 12583190, 12583206, 12583222, 12583238, 12583254, 12583270, 12583286, 12583302, 12583318, 12583334, 12583350, 12583366, 12583382, 12583398, 12583414
offset  = 14680070, 14680086, 14680102, 14680118, 14680134, 14680150, 14680166, 14680182, 14680198, 14680214, 14680230, 14680246, 14680262, 14680278, 14680294, 14680310, 14680326, 14680342, 14680358, 14680374, 14680390, 14680406, 14680422, 14680438, 14680454, 14680470, 14680486, 14680502, 14680518, 14680534, 14680550, 14680566
offset  = 7, 23, 39, 55, 71, 87, 103, 119, 135, 151, 167, 183, 199, 215, 231, 247, 263, 279, 295, 311, 327, 343, 359, 375, 391, 407, 423, 439, 455, 471, 487, 503
offset  = 2097159, 2097175, 2097191, 2097207, 2097223, 2097239, 2097255, 2097271, 2097287, 2097303, 2097319, 2097335, 2097351, 2097367, 2097383, 2097399, 2097415, 2097431, 2097447, 2097463, 2097479, 2097495, 2097511, 2097527, 2097543, 2097559, 2097575, 2097591, 2097607, 2097623, 2097639, 2097655
offset  = 4194311, 4194327, 4194343, 4194359, 4194375, 4194391, 4194407, 4194423, 4194439, 4194455, 4194471, 4194487, 4194503, 4194519, 4194535, 4194551, 4194567, 4194583, 4194599, 4194615, 4194631, 4194647, 4194663, 4194679, 4194695, 4194711, 4194727, 4194743, 4194759, 4194775, 4194791, 4194807
offset  = 6291463, 6291479, 6291495, 6291511, 6291527, 6291543, 6291559, 6291575, 6291591, 6291607, 6291623, 6291639, 6291655, 6291671, 6291687, 6291703, 6291719, 6291735, 6291751, 6291767, 6291783, 6291799, 6291815, 6291831, 6291847, 6291863, 6291879, 6291895, 6291911, 6291927, 6291943, 6291959
offset  = 8388615, 8388631, 8388647, 8388663, 8388679, 8388695, 8388711, 8388727, 8388743, 8388759, 8388775, 8388791, 8388807, 8388823, 8388839, 8388855, 8388871, 8388887, 8388903, 8388919, 8388935, 8388951, 8388967, 8388983, 8388999, 8389015, 8389031, 8389047, 8389063, 8389079, 8389095, 8389111
offset  = 10485767, 10485783, 10485799, 10485815, 10485831, 10485847, 10485863, 10485879, 10485895, 10485911, 10485927, 10485943, 10485959, 10485975, 10485991, 10486007, 10486023, 10486039, 10486055, 10486071, 10486087, 10486103, 10486119, 10486135, 10486151, 10486167, 10486183, 10486199, 10486215, 10486231, 10486247, 10486263
offset  = 12582919, 12582935, 12582951, 12582967, 12582983, 12582999, 12583015, 12583031, 12583047, 12583063, 12583079, 12583095, 12583111, 12583127, 12583143, 12583159, 12583175, 12583191, 12583207, 12583223, 12583239, 12583255, 12583271, 12583287, 12583303, 12583319, 12583335, 12583351, 12583367, 12583383, 12583399, 12583415
offset  = 14680071, 14680087, 14680103, 14680119, 14680135, 14680151, 14680167, 14680183, 14680199, 14680215, 14680231, 14680247, 14680263, 14680279, 14680295, 14680311, 14680327, 14680343, 14680359, 14680375, 14680391, 14680407, 14680423, 14680439, 14680455, 14680471, 14680487, 14680503, 14680519, 14680535, 14680551, 14680567
x_seq_t = 0.399046, 0.890944, 0.749407, 0.703038, 0.809680, 0.946204, 0.894804, 0.162750, 0.506431, 0.262887, 0.899816, 0.476049, 0.924605, 0.805764, 0.398615, 0.044327, 0.085971, 0.928363, 0.753745, 0.334479, 0.362711, 0.153052, 0.856868, 0.824073, 0.109644, 0.429401, 0.474862, 0.824711, 0.045274, 0.117694, 0.609282, 0.745764
x_seq_t = 0.936964, 0.789400, 0.179308, 0.649245, 0.136216, 0.496963, 0.496413, 0.896927, 0.263725, 0.270993, 0.692660, 0.848725, 0.489155, 0.112576, 0.439639, 0.675798, 0.524747, 0.752075, 0.135630, 0.908983, 0.235425, 0.416965, 0.012973, 0.506573, 0.118100, 0.013972, 0.271130, 0.364850, 0.488495, 0.669776, 0.872374, 0.422941
x_seq_t = 0.806325, 0.875083, 0.189797, 0.383152, 0.811063, 0.124049, 0.872656, 0.076648, 0.894382, 0.088762, 0.429995, 0.193340, 0.429367, 0.514981, 0.714975, 0.714407, 0.338542, 0.425736, 0.884561, 0.699999, 0.397892, 0.376769, 0.011891, 0.025334, 0.132151, 0.635574, 0.088370, 0.211395, 0.470652, 0.771071, 0.414041, 0.721595
x_seq_t = 0.629839, 0.779989, 0.689434, 0.862781, 0.475996, 0.276595, 0.471300, 0.290197, 0.583622, 0.266284, 0.211580, 0.201772, 0.154948, 0.945358, 0.889936, 0.145907, 0.074007, 0.266219, 0.474645, 0.949615, 0.548176, 0.018532, 0.842870, 0.054722, 0.209857, 0.449976, 0.052660, 0.583606, 0.149107, 0.044531, 0.108095, 0.664814
x_seq_t = 0.635162, 0.591936, 0.174482, 0.539486, 0.846686, 0.256333, 0.622654, 0.353282, 0.487324, 0.630789, 0.988589, 0.977586, 0.955037, 0.482719, 0.902471, 0.722622, 0.845813, 0.570398, 0.530457, 0.439237, 0.103479, 0.401865, 0.540493, 0.455121, 0.834329, 0.853404, 0.630870, 0.816752, 0.152354, 0.008366, 0.718724, 0.129103
x_seq_t = 0.731548, 0.625097, 0.308148, 0.290366, 0.953150, 0.954397, 0.240529, 0.319662, 0.311188, 0.119399, 0.977846, 0.467110, 0.037625, 0.067155, 0.969910, 0.105563, 0.643848, 0.220744, 0.277403, 0.828914, 0.070994, 0.472537, 0.021039, 0.500974, 0.516530, 0.377252, 0.586534, 0.471300, 0.613397, 0.481498, 0.443209, 0.965061
x_seq_t = 0.886301, 0.843517, 0.450655, 0.145446, 0.058218, 0.854383, 0.955716, 0.309590, 0.837567, 0.155346, 0.047316, 0.405015, 0.942108, 0.939357, 0.199066, 0.826848, 0.576471, 0.709661, 0.571524, 0.911113, 0.860332, 0.563246, 0.723312, 0.219384, 0.754049, 0.699882, 0.071868, 0.839451, 0.961040, 0.958946, 0.182471, 0.996817
x_seq_t = 0.842827, 0.814769, 0.515757, 0.795554, 0.299769, 0.423646, 0.124008, 0.915032, 0.407143, 0.976110, 0.917571, 0.922924, 0.188086, 0.879317, 0.477827, 0.753992, 0.730531, 0.710944, 0.524688, 0.609001, 0.549171, 0.825077, 0.791024, 0.715346, 0.677873, 0.024889, 0.909873, 0.658075, 0.075364, 0.399588, 0.441272, 0.170927
x_seq_t = 0.516679, 0.438668, 0.930293, 0.564189, 0.596225, 0.485277, 0.242260, 0.386909, 0.839844, 0.746498, 0.155194, 0.836865, 0.420034, 0.185792, 0.921412, 0.594780, 0.521309, 0.598716, 0.766797, 0.469534, 0.417922, 0.087865, 0.992338, 0.387977, 0.042743, 0.935624, 0.504885, 0.179909, 0.588765, 0.309519, 0.425442, 0.807300
x_seq_t = 0.053340, 0.693129, 0.615472, 0.533789, 0.026631, 0.525661, 0.353916, 0.457002, 0.386063, 0.404723, 0.723383, 0.827732, 0.714297, 0.904827, 0.586187, 0.232281, 0.936937, 0.979654, 0.058141, 0.671189, 0.918926, 0.036548, 0.530949, 0.570982, 0.560729, 0.339783, 0.518089, 0.035346, 0.545674, 0.377057, 0.232353, 0.194004
x_seq_t = 0.204259, 0.497662, 0.336997, 0.151055, 0.922664, 0.874043, 0.582888, 0.641079, 0.510196, 0.400193, 0.137729, 0.015247, 0.010782, 0.793567, 0.142325, 0.783805, 0.816870, 0.120758, 0.594380, 0.993739, 0.035241, 0.086592, 0.436985, 0.215839, 0.824304, 0.450122, 0.038116, 0.020129, 0.710312, 0.508650, 0.748133, 0.234766
x_seq_t = 0.368997, 0.021177, 0.478510, 0.757674, 0.466943, 0.686716, 0.673547, 0.228007, 0.237858, 0.419572, 0.906192, 0.831959, 0.756719, 0.638733, 0.895704, 0.403219, 0.857585, 0.624832, 0.131855, 0.645110, 0.635009, 0.674425, 0.735062, 0.142001, 0.462934, 0.965626, 0.350845, 0.775024, 0.323422, 0.507126, 0.287222, 0.786710
x_seq_t = 0.263002, 0.039936, 0.750483, 0.596140, 0.749096, 0.010369, 0.589794, 0.160818, 0.004345, 0.867580, 0.512778, 0.801261, 0.989923, 0.416763, 0.753094, 0.482924, 0.274280, 0.136608, 0.815974, 0.336830, 0.228692, 0.163965, 0.797694, 0.545238, 0.199495, 0.196318, 0.944201, 0.980559, 0.706953, 0.374436, 0.872078, 0.449592
x_seq_t = 0.145776, 0.555513, 0.872717, 0.008097, 0.034934, 0.559575, 0.664317, 0.867271, 0.296589, 0.088773, 0.628926, 0.579631, 0.366595, 0.168894, 0.883420, 0.567363, 0.869541, 0.145492, 0.371252, 0.250017, 0.779402, 0.806572, 0.985125, 0.467879, 0.793615, 0.646873, 0.142821, 0.384804, 0.957113, 0.514632, 0.547853, 0.679697
x_seq_t = 0.721516, 0.400239, 0.097442, 0.420891, 0.949833, 0.352064, 0.547317, 0.441729, 0.032873, 0.313444, 0.334915, 0.261526, 0.209639, 0.661852, 0.190243, 0.322579, 0.943978, 0.289077, 0.292756, 0.254802, 0.143248, 0.750059, 0.884309, 0.290533, 0.319460, 0.595125, 0.017773, 0.575531, 0.573532, 0.863793, 0.573398, 0.079039
x_seq_t = 0.089408, 0.846466, 0.757700, 0.415151, 0.669542, 0.403870, 0.174979, 0.769928, 0.410212, 0.419382, 0.164688, 0.401641, 0.661021, 0.556497, 0.342376, 0.255611, 0.814603, 0.709529, 0.863447, 0.201414, 0.159039, 0.220452, 0.368803, 0.373226, 0.902420, 0.125511, 0.522713, 0.835883, 0.896131, 0.712676, 0.894346, 0.648509
x_seq_t = 0.024930, 0.356979, 0.049435, 0.010154, 0.551419, 0.005794, 0.639144, 0.424384, 0.439067, 0.998689, 0.609769, 0.860047, 0.682637, 0.398322, 0.071887, 0.777249, 0.802370, 0.940598, 0.399472, 0.834794, 0.418546, 0.969679, 0.391010, 0.396976, 0.189155, 0.252705, 0.905790, 0.500507, 0.552793, 0.958242, 0.171973, 0.082131
x_seq_t = 0.140892, 0.455011, 0.542414, 0.787883, 0.175564, 0.211583, 0.957287, 0.133913, 0.212486, 0.950384, 0.861929, 0.619017, 0.256036, 0.198488, 0.073450, 0.821152, 0.114150, 0.209903, 0.429825, 0.024560, 0.224917, 0.534049, 0.021429, 0.588871, 0.091243, 0.756557, 0.864223, 0.589762, 0.801295, 0.332714, 0.723608, 0.323507
x_seq_t = 0.147886, 0.457341, 0.078865, 0.656602, 0.956699, 0.314560, 0.263238, 0.633661, 0.711291, 0.711381, 0.157432, 0.335282, 0.929861, 0.361975, 0.461932, 0.058158, 0.322352, 0.179797, 0.247202, 0.807334, 0.864563, 0.721716, 0.194511, 0.327851, 0.353688, 0.869575, 0.277037, 0.638116, 0.251385, 0.346094, 0.223102, 0.836727
x_seq_t = 0.741942, 0.196262, 0.109780, 0.147759, 0.440226, 0.362292, 0.287640, 0.454870, 0.737441, 0.138788, 0.670116, 0.638772, 0.017961, 0.781291, 0.224388, 0.697302, 0.433651, 0.169477, 0.860540, 0.664735, 0.354850, 0.627056, 0.369193, 0.807755, 0.917705, 0.283469, 0.194358, 0.648670, 0.883003, 0.917333, 0.672903, 0.136677
x_seq_t = 0.185783, 0.889048, 0.564606, 0.355421, 0.517401, 0.824266, 0.827930, 0.213435, 0.460424, 0.399596, 0.090441, 0.299388, 0.270129, 0.926456, 0.432595, 0.705738, 0.171427, 0.370259, 0.902214, 0.936153, 0.467946, 0.332099, 0.483759, 0.728593, 0.503109, 0.254953, 0.311835, 0.356091, 0.265837, 0.629488, 0.844473, 0.197559
x_seq_t = 0.971573, 0.526339, 0.966875, 0.648360, 0.539719, 0.377693, 0.058331, 0.114456, 0.672284, 0.841581, 0.394119, 0.598004, 0.251798, 0.736833, 0.746308, 0.028853, 0.043675, 0.892804, 0.895113, 0.266716, 0.325251, 0.632513, 0.783715, 0.007377, 0.574035, 0.716163, 0.241076, 0.896807, 0.466794, 0.027705, 0.145595, 0.630008
x_seq_t = 0.180959, 0.899763, 0.883395, 0.053984, 0.346529, 0.622194, 0.096848, 0.584546, 0.486489, 0.682719, 0.048098, 0.534081, 0.466410, 0.781246, 0.271255, 0.595745, 0.308837, 0.459836, 0.993143, 0.359130, 0.198862, 0.253155, 0.361912, 0.697797, 0.952827, 0.146035, 0.248676, 0.872233, 0.460505, 0.248312, 0.997659, 0.519768
x_seq_t = 0.097413, 0.843140, 0.604234, 0.343552, 0.108966, 0.173494, 0.285368, 0.465468, 0.561345, 0.234500, 0.940915, 0.727644, 0.828786, 0.026474, 0.742239, 0.034037, 0.557064, 0.907423, 0.667147, 0.467527, 0.872587, 0.215713, 0.490922, 0.573356, 0.773105, 0.175504, 0.580679, 0.647333, 0.306772, 0.595443, 0.928625, 0.120983
x_seq_t = 0.940079, 0.545369, 0.075007, 0.855123, 0.416916, 0.928899, 0.788287, 0.379770, 0.084259, 0.054639, 0.458100, 0.952219, 0.885581, 0.896979, 0.915019, 0.992220, 0.466138, 0.544863, 0.205161, 0.262502, 0.718119, 0.687093, 0.871644, 0.847055, 0.746423, 0.654188, 0.934722, 0.069624, 0.043366, 0.191301, 0.094006, 0.134794
x_seq_t = 0.150496, 0.766014, 0.049769, 0.877739, 0.523549, 0.653011, 0.143802, 0.897619, 0.277662, 0.212414, 0.621323, 0.902755, 0.659415, 0.141440, 0.701072, 0.946169, 0.083092, 0.196593, 0.166696, 0.643275, 0.097462, 0.414343, 0.622216, 0.059179, 0.713100, 0.252181, 0.716747, 0.709975, 0.036927, 0.672367, 0.924827, 0.275226
x_seq_t = 0.446095, 0.944428, 0.954911, 0.795542, 0.298787, 0.895246, 0.083888, 0.153869, 0.832238, 0.708395, 0.166154, 0.724270, 0.915230, 0.750753, 0.240290, 0.316926, 0.802457, 0.380821, 0.393739, 0.024768, 0.412528, 0.905815, 0.292514, 0.120382, 0.240715, 0.500810, 0.395103, 0.151890, 0.144222, 0.768346, 0.677043, 0.327465
x_seq_t = 0.842697, 0.218806, 0.696531, 0.713375, 0.772379, 0.456178, 0.311003, 0.014693, 0.799066, 0.091728, 0.753177, 0.753713, 0.094098, 0.862209, 0.848401, 0.541190, 0.978186, 0.842611, 0.717043, 0.772272, 0.984621, 0.228298, 0.724471, 0.634533, 0.703758, 0.657691, 0.792830, 0.630195, 0.852181, 0.833823, 0.125982, 0.446682
x_seq_t = 0.287666, 0.429151, 0.662029, 0.826184, 0.164838, 0.629588, 0.824783, 0.834450, 0.066863, 0.536115, 0.881364, 0.678226, 0.397183, 0.255017, 0.819283, 0.270429, 0.904801, 0.256613, 0.957104, 0.931026, 0.554689, 0.612941, 0.190178, 0.686439, 0.643582, 0.582339, 0.838737, 0.663923, 0.564637, 0.222473, 0.119742, 0.000511
x_seq_t = 0.121276, 0.050162, 0.806045, 0.456528, 0.394750, 0.753727, 0.115770, 0.088082, 0.935911, 0.777367, 0.034291, 0.749865, 0.629079, 0.286197, 0.494561, 0.362005, 0.752575, 0.614386, 0.356049, 0.924397, 0.384371, 0.583661, 0.694335, 0.015060, 0.260171, 0.076668, 0.591532, 0.988666, 0.506685, 0.070322, 0.501254, 0.918508
x_seq_t = 0.581639, 0.007723, 0.200709, 0.860648, 0.187057, 0.787089, 0.601400, 0.028531, 0.080741, 0.290078, 0.056861, 0.758697, 0.391826, 0.191851, 0.764843, 0.799290, 0.886617, 0.594972, 0.769299, 0.180247, 0.192970, 0.335742, 0.253166, 0.145275, 0.384034, 0.815063, 0.034011, 0.925818, 0.888468, 0.338691, 0.668873, 0.488489
x_seq_t = 0.792746, 0.663093, 0.300705, 0.115533, 0.732844, 0.262788, 0.943530, 0.074986, 0.461321, 0.326255, 0.772680, 0.812506, 0.901305, 0.879259, 0.367722, 0.911472, 0.007936, 0.152914, 0.644328, 0.363422, 0.653075, 0.523352, 0.652010, 0.756205, 0.625192, 0.020328, 0.382173, 0.820750, 0.762097, 0.076070, 0.612352, 0.006293
x_seq_t = 0.945854, 0.829920, 0.722259, 0.518678, 0.296067, 0.731232, 0.662132, 0.458324, 0.359256, 0.914136, 0.752473, 0.379690, 0.892997, 0.149604, 0.479949, 0.966721, 0.120765, 0.802884, 0.456886, 0.787817, 0.039920, 0.342800, 0.349672, 0.641621, 0.181449, 0.868731, 0.913358, 0.778921, 0.765561, 0.337897, 0.833954, 0.206804
x_seq_t = 0.394697, 0.788623, 0.463400, 0.596843, 0.390270, 0.169898, 0.873826, 0.712881, 0.457353, 0.957055, 0.955004, 0.290192, 0.459078, 0.054741, 0.873488, 0.350260, 0.985936, 0.958660, 0.405002, 0.953583, 0.255636, 0.337762, 0.085719, 0.137989, 0.564671, 0.260429, 0.515947, 0.847572, 0.434814, 0.935884, 0.369776, 0.470768
x_seq_t = 0.566048, 0.380623, 0.260472, 0.695446, 0.385361, 0.506611, 0.497145, 0.489092, 0.361601, 0.882100, 0.195831, 0.383964, 0.169896, 0.995291, 0.300008, 0.217158, 0.922488, 0.226565, 0.919284, 0.410315, 0.453498, 0.990195, 0.258548, 0.272775, 0.488104, 0.059019, 0.612450, 0.734915, 0.040336, 0.389924, 0.718444, 0.245062
x_seq_t = 0.915070, 0.512092, 0.921008, 0.849380, 0.610595, 0.850750, 0.351740, 0.257309, 0.958683, 0.407863, 0.423104, 0.542322, 0.737792, 0.312745, 0.253492, 0.507682, 0.187384, 0.153580, 0.751908, 0.541622, 0.360240, 0.621996, 0.167665, 0.015625, 0.280294, 0.043145, 0.021979, 0.917029, 0.700423, 0.926963, 0.623228, 0.780369
x_seq_t = 0.738343, 0.134922, 0.358202, 0.159204, 0.534280, 0.352787, 0.709591, 0.092367, 0.656519, 0.057889, 0.914870, 0.729452, 0.645232, 0.288087, 0.740927, 0.306679, 0.863641, 0.588685, 0.917921, 0.704181, 0.465048, 0.397782, 0.876503, 0.121059, 0.393568, 0.900580, 0.849043, 0.709583, 0.412427, 0.218159, 0.503428, 0.737040
x_seq_t = 0.354678, 0.852961, 0.436341, 0.424672, 0.643460, 0.540608, 0.953213, 0.277259, 0.325088, 0.810118, 0.418673, 0.100162, 0.791795, 0.260292, 0.278431, 0.549299, 0.622296, 0.977965, 0.799037, 0.782562, 0.238502, 0.166332, 0.584340, 0.624373, 0.805409, 0.067598, 0.343878, 0.015978, 0.275605, 0.500588, 0.926173, 0.112512
x_seq_t = 0.979649, 0.406232, 0.166568, 0.106407, 0.956156, 0.590071, 0.257855, 0.463003, 0.233630, 0.828895, 0.052717, 0.762940, 0.882595, 0.330443, 0.758574, 0.818886, 0.660365, 0.624856, 0.173486, 0.819696, 0.038362, 0.741298, 0.676755, 0.328131, 0.513512, 0.453687, 0.695892, 0.435033, 0.296770, 0.406587, 0.849451, 0.082735
x_seq_t = 0.499447, 0.810862, 0.212588, 0.361346, 0.359949, 0.778268, 0.577493, 0.586138, 0.635394, 0.721914, 0.272490, 0.076929, 0.122698, 0.190047, 0.906687, 0.514236, 0.007195, 0.984317, 0.553697, 0.938027, 0.718146, 0.675033, 0.528289, 0.671362, 0.238977, 0.578198, 0.454507, 0.829515, 0.979657, 0.226162, 0.300600, 0.948448
x_seq_t = 0.796731, 0.209937, 0.947810, 0.501680, 0.682763, 0.306053, 0.881729, 0.349936, 0.394293, 0.973760, 0.891951, 0.086469, 0.410423, 0.070529, 0.206497, 0.036284, 0.347255, 0.300801, 0.415988, 0.201598, 0.569668, 0.709826, 0.586674, 0.890901, 0.922252, 0.902269, 0.447108, 0.094566, 0.824753, 0.901667, 0.227107, 0.589811
x_seq_t = 0.339986, 0.240360, 0.221555, 0.969740, 0.059721, 0.801651, 0.345509, 0.754554, 0.963312, 0.565929, 0.580095, 0.575961, 0.015638, 0.072644, 0.036909, 0.962369, 0.746316, 0.121252, 0.760105, 0.539039, 0.880041, 0.164445, 0.909266, 0.903935, 0.771082, 0.973845, 0.049448, 0.484376, 0.162005, 0.615408, 0.351948, 0.285144
x_seq_t = 0.689372, 0.601191, 0.997522, 0.801265, 0.950278, 0.349137, 0.886396, 0.617522, 0.526376, 0.791032, 0.541198, 0.456893, 0.907830, 0.802267, 0.285289, 0.864003, 0.141672, 0.501491, 0.154411, 0.598165, 0.687007, 0.720210, 0.299041, 0.710236, 0.281715, 0.727931, 0.441602, 0.592102, 0.238067, 0.423785, 0.935752, 0.311706
x_seq_t = 0.758080, 0.533205, 0.357641, 0.274498, 0.041066, 0.278264, 0.903857, 0.123568, 0.808886, 0.657759, 0.138588, 0.415942, 0.122325, 0.844969, 0.559623, 0.656926, 0.837967, 0.018560, 0.822365, 0.089232, 0.748493, 0.460373, 0.842770, 0.613858, 0.138640, 0.861405, 0.483055, 0.335770, 0.209307, 0.366227, 0.146658, 0.960464
x_seq_t = 0.737308, 0.302680, 0.123630, 0.857748, 0.949518, 0.731254, 0.274827, 0.691670, 0.729879, 0.700293, 0.213464, 0.427305, 0.932401, 0.183534, 0.985836, 0.313887, 0.657001, 0.185229, 0.803465, 0.676533, 0.360463, 0.485611, 0.607819, 0.059164, 0.479072, 0.303246, 0.334681, 0.540596, 0.160178, 0.451597, 0.131458, 0.513199
x_seq_t = 0.494421, 0.904783, 0.220719, 0.223154, 0.968200, 0.088575, 0.821359, 0.526429, 0.025498, 0.794801, 0.798925, 0.636291, 0.681052, 0.166640, 0.897235, 0.721198, 0.142756, 0.816067, 0.392987, 0.990696, 0.372486, 0.175358, 0.076576, 0.526691, 0.044811, 0.080742, 0.263879, 0.352390, 0.687534, 0.269957, 0.576816, 0.342492
x_seq_t = 0.035070, 0.336902, 0.871914, 0.956024, 0.200964, 0.520229, 0.863908, 0.366830, 0.398286, 0.935326, 0.994171, 0.431833, 0.736317, 0.009690, 0.892803, 0.553656, 0.436258, 0.467022, 0.145493, 0.814155, 0.027595, 0.320680, 0.660945, 0.873965, 0.075567, 0.484408, 0.131089, 0.758204, 0.907228, 0.947087, 0.469617, 0.591324
x_seq_t = 0.764234, 0.766080, 0.831419, 0.468960, 0.595123, 0.400635, 0.286169, 0.476435, 0.978078, 0.705249, 0.624922, 0.450054, 0.101955, 0.762370, 0.277906, 0.828888, 0.330762, 0.533675, 0.649275, 0.986315, 0.276460, 0.759398, 0.207442, 0.260654, 0.059582, 0.798390, 0.472920, 0.138288, 0.108624, 0.349722, 0.802653, 0.763969
x_seq_t = 0.415014, 0.768423, 0.364658, 0.114401, 0.472821, 0.971807, 0.748357, 0.069843, 0.103595, 0.574856, 0.284206, 0.533075, 0.249948, 0.586311, 0.440730, 0.945554, 0.539321, 0.649900, 0.380180, 0.293657, 0.551347, 0.270235, 0.648338, 0.409843, 0.563990, 0.844074, 0.535839, 0.660418, 0.339270, 0.994334, 0.315282, 0.695153
x_seq_t = 0.202236, 0.534019, 0.949696, 0.847551, 0.361654, 0.356626, 0.120428, 0.893207, 0.313376, 0.124829, 0.734535, 0.267491, 0.981569, 0.097991, 0.186123, 0.106037, 0.048568, 0.318378, 0.679420, 0.725812, 0.381898, 0.854886, 0.792198, 0.136583, 0.073801, 0.190616, 0.428736, 0.033246, 0.629921, 0.973153, 0.525139, 0.194835
x_seq_t = 0.736267, 0.474511, 0.522994, 0.328724, 0.221360, 0.953732, 0.305005, 0.362589, 0.961089, 0.066037, 0.129434, 0.597476, 0.303577, 0.187318, 0.569774, 0.747958, 0.483599, 0.322610, 0.441058, 0.451351, 0.095094, 0.203022, 0.863574, 0.509487, 0.994565, 0.123533, 0.963495, 0.885928, 0.549138, 0.367001, 0.616777, 0.428245
x_seq_t = 0.404967, 0.285368, 0.879796, 0.151998, 0.363620, 0.275156, 0.082202, 0.063515, 0.701622, 0.387518, 0.905520, 0.649498, 0.821406, 0.748424, 0.168911, 0.005207, 0.573696, 0.633383, 0.833024, 0.941710, 0.670848, 0.906930, 0.208848, 0.781315, 0.877601, 0.511687, 0.007856, 0.967245, 0.123250, 0.245738, 0.676968, 0.379381
x_seq_t = 0.889135, 0.984689, 0.418723, 0.976367, 0.750845, 0.532784, 0.368189, 0.694413, 0.034987, 0.804175, 0.169104, 0.968357, 0.635580, 0.473900, 0.163332, 0.160523, 0.673416, 0.443015, 0.704253, 0.421777, 0.853184, 0.386112, 0.978617, 0.258102, 0.416578, 0.351494, 0.758018, 0.211002, 0.812916, 0.280041, 0.820651, 0.479705
x_seq_t = 0.413474, 0.653689, 0.178212, 0.629638, 0.966372, 0.968496, 0.797523, 0.555435, 0.396181, 0.996976, 0.815249, 0.789762, 0.421062, 0.295424, 0.272869, 0.151613, 0.980841, 0.763416, 0.662894, 0.110712, 0.123572, 0.239115, 0.729025, 0.549341, 0.469327, 0.714667, 0.549801, 0.034567, 0.352042, 0.897601, 0.519654, 0.209422
x_seq_t = 0.303930, 0.678062, 0.502859, 0.296505, 0.578242, 0.627792, 0.690565, 0.415429, 0.900576, 0.303841, 0.923267, 0.806263, 0.370159, 0.147672, 0.777610, 0.848239, 0.880825, 0.979422, 0.091317, 0.493760, 0.651125, 0.073618, 0.796382, 0.788321, 0.582892, 0.795084, 0.410650, 0.970081, 0.281278, 0.528337, 0.671220, 0.627254
x_seq_t = 0.277174, 0.738992, 0.580948, 0.694729, 0.647394, 0.904157, 0.776728, 0.774212, 0.782420, 0.389200, 0.158472, 0.017149, 0.885126, 0.576045, 0.448025, 0.910399, 0.139002, 0.024502, 0.461558, 0.180234, 0.895410, 0.932708, 0.856156, 0.558761, 0.683642, 0.747258, 0.465534, 0.124216, 0.283586, 0.249021, 0.210731, 0.681809
x_seq_t = 0.820257, 0.428993, 0.221490, 0.275075, 0.423010, 0.747417, 0.381492, 0.572460, 0.588983, 0.951427, 0.559655, 0.951931, 0.410135, 0.416117, 0.202202, 0.128640, 0.164940, 0.496997, 0.566784, 0.840568, 0.107846, 0.456347, 0.624668, 0.361682, 0.536851, 0.506830, 0.163622, 0.407583, 0.096158, 0.020961, 0.916792, 0.724410
x_seq_t = 0.992734, 0.332325, 0.577919, 0.694255, 0.339579, 0.828024, 0.581046, 0.712030, 0.922898, 0.736114, 0.837438, 0.486677, 0.604350, 0.576628, 0.365615, 0.350794, 0.966211, 0.136887, 0.763085, 0.217624, 0.157511, 0.229322, 0.848007, 0.314560, 0.502785, 0.554711, 0.031539, 0.187458, 0.543409, 0.917546, 0.403115, 0.605249
x_seq_t = 0.701432, 0.343099, 0.559077, 0.390412, 0.116617, 0.003670, 0.220510, 0.044131, 0.768092, 0.368654, 0.054591, 0.424313, 0.712836, 0.583195, 0.610663, 0.445014, 0.678172, 0.998520, 0.577720, 0.502835, 0.031502, 0.058138, 0.669770, 0.353573, 0.351845, 0.515697, 0.592433, 0.943223, 0.103993, 0.822459, 0.713973, 0.471817
x_seq_t = 0.660978, 0.108391, 0.688548, 0.508100, 0.443507, 0.001412, 0.537300, 0.107803, 0.246114, 0.146908, 0.842096, 0.433755, 0.500578, 0.723817, 0.670296, 0.469021, 0.371944, 0.428876, 0.836183, 0.937522, 0.205803, 0.062625, 0.065687, 0.301033, 0.699238, 0.585350, 0.799479, 0.565164, 0.843797, 0.075321, 0.972970, 0.709949
x_seq_t = 0.683465, 0.927129, 0.341733, 0.694671, 0.032882, 0.732875, 0.080762, 0.378971, 0.900570, 0.613075, 0.920795, 0.443868, 0.768572, 0.281013, 0.685996, 0.650176, 0.491587, 0.975509, 0.923382, 0.572555, 0.989396, 0.693854, 0.312706, 0.532903, 0.553865, 0.388424, 0.679469, 0.167734, 0.299947, 0.874902, 0.874900, 0.095206
x_seq_t = 0.196459, 0.012555, 0.029408, 0.399387, 0.656010, 0.984388, 0.631221, 0.504355, 0.683680, 0.426244, 0.721919, 0.055947, 0.008393, 0.908402, 0.927947, 0.193810, 0.233898, 0.155310, 0.299628, 0.028366, 0.314035, 0.555078, 0.412982, 0.770409, 0.137744, 0.140422, 0.998529, 0.392105, 0.572087, 0.824866, 0.682124, 0.786355
x_seq_t = 0.735604, 0.913319, 0.784797, 0.345916, 0.768688, 0.967648, 0.953430, 0.252855, 0.820854, 0.413942, 0.123050, 0.225807, 0.800716, 0.209463, 0.197877, 0.720322, 0.917789, 0.426402, 0.078668, 0.760468, 0.983964, 0.197460, 0.707389, 0.618136, 0.228009, 0.745375, 0.382654, 0.146469, 0.699655, 0.473642, 0.643383, 0.238978
x_seq_t = 0.317350, 0.173593, 0.456651, 0.570345, 0.997867, 0.276242, 0.923599, 0.414176, 0.184209, 0.200738, 0.309079, 0.877622, 0.315873, 0.135311, 0.500295, 0.354012, 0.273842, 0.370883, 0.570002, 0.614591, 0.266302, 0.805060, 0.960599, 0.613689, 0.136319, 0.655195, 0.663212, 0.700188, 0.292349, 0.362435, 0.394819, 0.074327
x_seq_t = 0.409221, 0.992671, 0.960864, 0.636015, 0.624751, 0.817233, 0.802073, 0.665397, 0.918822, 0.558693, 0.025613, 0.699217, 0.061167, 0.569775, 0.353605, 0.287674, 0.698131, 0.730158, 0.041108, 0.041910, 0.550613, 0.120372, 0.872077, 0.110156, 0.625854, 0.753643, 0.035710, 0.931380, 0.349379, 0.443161, 0.133306, 0.629625
x_seq_t = 0.645127, 0.394137, 0.833799, 0.198088, 0.269511, 0.830579, 0.485398, 0.342901, 0.201246, 0.733666, 0.451694, 0.833275, 0.811042, 0.998999, 0.670372, 0.807173, 0.589027, 0.904202, 0.319992, 0.610385, 0.082143, 0.818260, 0.940591, 0.507078, 0.788750, 0.942446, 0.732029, 0.573276, 0.185284, 0.345976, 0.124705, 0.888421
x_seq_t = 0.317763, 0.052006, 0.433663, 0.272760, 0.189199, 0.684122, 0.151193, 0.262954, 0.097712, 0.518802, 0.287513, 0.185837, 0.046530, 0.471390, 0.912075, 0.301233, 0.764680, 0.211677, 0.831814, 0.555112, 0.126113, 0.355662, 0.194349, 0.556524, 0.209073, 0.612493, 0.559449, 0.160151, 0.721417, 0.716564, 0.374685, 0.165195
x_seq_t = 0.027589, 0.889781, 0.692321, 0.431757, 0.133642, 0.113773, 0.628970, 0.964015, 0.094847, 0.860908, 0.641679, 0.257934, 0.064694, 0.646682, 0.990539, 0.388860, 0.259429, 0.721112, 0.276946, 0.499856, 0.043160, 0.536430, 0.742192, 0.340810, 0.392947, 0.968672, 0.213160, 0.895838, 0.736905, 0.526374, 0.033213, 0.803271
x_seq_t = 0.055591, 0.718846, 0.024966, 0.493555, 0.431262, 0.041754, 0.021906, 0.129473, 0.944328, 0.782138, 0.890930, 0.680411, 0.958485, 0.300927, 0.507592, 0.106517, 0.163134, 0.493430, 0.327145, 0.406690, 0.092674, 0.167752, 0.266145, 0.289168, 0.263825, 0.044173, 0.837171, 0.667942, 0.866596, 0.890423, 0.005908, 0.087013
x_seq_t = 0.031028, 0.145290, 0.468485, 0.460928, 0.139991, 0.404043, 0.729128, 0.193905, 0.911994, 0.694087, 0.388063, 0.713468, 0.820914, 0.492343, 0.220863, 0.799285, 0.995297, 0.036823, 0.792549, 0.458784, 0.279299, 0.281623, 0.896007, 0.298489, 0.307145, 0.415623, 0.872829, 0.252406, 0.316311, 0.370678, 0.852590, 0.898753
x_seq_t = 0.554140, 0.414340, 0.912361, 0.518500, 0.859348, 0.834204, 0.401957, 0.995228, 0.628052, 0.689717, 0.904872, 0.033941, 0.984102, 0.617092, 0.921303, 0.948726, 0.517522, 0.846425, 0.326982, 0.720417, 0.238052, 0.464803, 0.615628, 0.440021, 0.425258, 0.013362, 0.558141, 0.023274, 0.110592, 0.157748, 0.711307, 0.547291
x_seq_t = 0.720711, 0.084002, 0.639566, 0.576333, 0.916091, 0.444566, 0.147469, 0.625468, 0.181269, 0.236211, 0.771462, 0.988702, 0.001836, 0.751138, 0.186542, 0.843691, 0.400125, 0.379771, 0.143857, 0.770787, 0.901415, 0.743831, 0.012364, 0.675379, 0.927528, 0.253399, 0.114900, 0.316877, 0.151469, 0.133898, 0.768552, 0.408797
x_seq_t = 0.960067, 0.696425, 0.059448, 0.679926, 0.618713, 0.660145, 0.590655, 0.836742, 0.247584, 0.232279, 0.401619, 0.919596, 0.079382, 0.889656, 0.616743, 0.406527, 0.283451, 0.472671, 0.710456, 0.159323, 0.677214, 0.964797, 0.029088, 0.365991, 0.400136, 0.154082, 0.270740, 0.870678, 0.372467, 0.348292, 0.479945, 0.782620
x_seq_t = 0.011586, 0.731143, 0.923366, 0.613172, 0.616182, 0.069289, 0.212967, 0.154259, 0.172499, 0.794065, 0.390385, 0.920169, 0.968714, 0.143388, 0.292426, 0.909770, 0.096403, 0.771697, 0.622093, 0.427605, 0.971710, 0.517206, 0.289690, 0.386564, 0.414288, 0.612908, 0.086072, 0.889889, 0.335752, 0.556299, 0.484109, 0.470340
x_seq_t = 0.171600, 0.361584, 0.827657, 0.472903, 0.904434, 0.874702, 0.342630, 0.079399, 0.167481, 0.122079, 0.127526, 0.189170, 0.366968, 0.853634, 0.514660, 0.422318, 0.795483, 0.143067, 0.528687, 0.527803, 0.809147, 0.315816, 0.858665, 0.788368, 0.313340, 0.782539, 0.586879, 0.453436, 0.454158, 0.345309, 0.699847, 0.324335
x_seq_t = 0.124183, 0.414709, 0.696253, 0.871297, 0.215171, 0.348900, 0.007907, 0.632607, 0.283032, 0.585565, 0.508407, 0.066836, 0.999573, 0.344819, 0.303892, 0.780876, 0.767317, 0.606054, 0.636953, 0.754930, 0.193890, 0.979635, 0.732010, 0.690426, 0.478596, 0.495078, 0.784570, 0.625543, 0.048070, 0.353121, 0.301523, 0.834604
x_seq_t = 0.605898, 0.301757, 0.611403, 0.684228, 0.012538, 0.605879, 0.460168, 0.827671, 0.979055, 0.356199, 0.959036, 0.909336, 0.907383, 0.107931, 0.994286, 0.784074, 0.528032, 0.335711, 0.093514, 0.434399, 0.300090, 0.936255, 0.388085, 0.161471, 0.428491, 0.343697, 0.447955, 0.041879, 0.994710, 0.445907, 0.188428, 0.286544
x_seq_t = 0.442974, 0.117981, 0.360854, 0.235116, 0.397153, 0.263225, 0.088038, 0.516169, 0.533112, 0.178749, 0.271385, 0.788822, 0.306597, 0.262685, 0.003248, 0.119612, 0.132941, 0.209313, 0.286882, 0.199460, 0.402581, 0.499917, 0.667071, 0.105433, 0.140136, 0.408426, 0.209019, 0.231962, 0.532570, 0.369435, 0.423818, 0.143522
x_seq_t = 0.357548, 0.826570, 0.204721, 0.384528, 0.098946, 0.383130, 0.440047, 0.362544, 0.278693, 0.929348, 0.464420, 0.987896, 0.988651, 0.391707, 0.657806, 0.177055, 0.998439, 0.963369, 0.689024, 0.580654, 0.548374, 0.076755, 0.838557, 0.488242, 0.694210, 0.552184, 0.745005, 0.744693, 0.153251, 0.767476, 0.237364, 0.176830
x_seq_t = 0.854632, 0.573104, 0.209404, 0.858316, 0.965141, 0.038666, 0.261252, 0.461204, 0.475197, 0.267211, 0.256029, 0.304946, 0.039899, 0.808854, 0.892502, 0.339818, 0.444809, 0.907189, 0.744151, 0.430010, 0.663357, 0.123793, 0.276024, 0.149589, 0.508434, 0.737238, 0.359938, 0.288135, 0.482116, 0.893733, 0.151855, 0.398349
x_seq_t = 0.209302, 0.247185, 0.335763, 0.440789, 0.718344, 0.354380, 0.084079, 0.411609, 0.877825, 0.713587, 0.434310, 0.664940, 0.713948, 0.020697, 0.555992, 0.003305, 0.529379, 0.766503, 0.197126, 0.305616, 0.191581, 0.883957, 0.537225, 0.501980, 0.422626, 0.641553, 0.868746, 0.690049, 0.587279, 0.471190, 0.971191, 0.308185
x_seq_t = 0.004473, 0.112998, 0.859426, 0.723793, 0.905637, 0.824997, 0.958373, 0.081634, 0.879882, 0.638904, 0.563368, 0.501292, 0.702357, 0.929534, 0.969298, 0.863217, 0.719277, 0.191942, 0.961804, 0.839743, 0.021562, 0.721876, 0.890811, 0.104623, 0.319547, 0.080817, 0.827622, 0.664830, 0.735063, 0.062377, 0.206655, 0.376868
x_seq_t = 0.894600, 0.847742, 0.472071, 0.638055, 0.616953, 0.561477, 0.244808, 0.368355, 0.028919, 0.994760, 0.863719, 0.526141, 0.481987, 0.271109, 0.387473, 0.477032, 0.463280, 0.690929, 0.639374, 0.249638, 0.236206, 0.092167, 0.981174, 0.812957, 0.242045, 0.165852, 0.605211, 0.112751, 0.998590, 0.998411, 0.789319, 0.094197
x_seq_t = 0.813249, 0.550521, 0.440182, 0.989485, 0.274657, 0.447014, 0.304491, 0.286502, 0.981280, 0.287265, 0.733463, 0.443743, 0.984973, 0.418249, 0.234200, 0.912477, 0.765485, 0.949381, 0.851398, 0.751452, 0.070827, 0.540742, 0.115662, 0.966570, 0.950527, 0.183099, 0.458411, 0.284135, 0.233472, 0.701432, 0.531073, 0.261509
x_seq_t = 0.926310, 0.543519, 0.406456, 0.270649, 0.949988, 0.417741, 0.488720, 0.805230, 0.112166, 0.322687, 0.187832, 0.227238, 0.209457, 0.145681, 0.914339, 0.066106, 0.952714, 0.531241, 0.782891, 0.674341, 0.456507, 0.044159, 0.322183, 0.142682, 0.576253, 0.693329, 0.576599, 0.669784, 0.020134, 0.886588, 0.605336, 0.404586
x_seq_t = 0.909281, 0.519190, 0.623479, 0.340376, 0.177134, 0.268680, 0.078402, 0.073201, 0.277900, 0.886658, 0.597402, 0.480170, 0.170965, 0.137954, 0.250554, 0.568932, 0.838666, 0.659895, 0.439350, 0.734061, 0.473567, 0.786976, 0.029835, 0.018548, 0.722720, 0.737722, 0.729650, 0.975415, 0.203606, 0.535755, 0.341305, 0.392678
x_seq_t = 0.782373, 0.467302, 0.328866, 0.158499, 0.722308, 0.053075, 0.786489, 0.270934, 0.734158, 0.886487, 0.591615, 0.016055, 0.109088, 0.500878, 0.978954, 0.889286, 0.254723, 0.411821, 0.026846, 0.145586, 0.491181, 0.783099, 0.240583, 0.139408, 0.261927, 0.399952, 0.737432, 0.386390, 0.517499, 0.571618, 0.921601, 0.063212
x_seq_t = 0.303173, 0.009026, 0.685400, 0.960832, 0.932223, 0.089377, 0.656810, 0.398231, 0.880405, 0.866514, 0.397355, 0.359265, 0.247224, 0.470915, 0.053010, 0.916368, 0.489695, 0.975441, 0.712842, 0.353641, 0.215483, 0.231863, 0.511828, 0.171952, 0.688936, 0.601508, 0.846062, 0.265130, 0.959887, 0.141492, 0.875640, 0.111195
x_seq_t = 0.193952, 0.702809, 0.061592, 0.501036, 0.877908, 0.568723, 0.775399, 0.946651, 0.596464, 0.599532, 0.187823, 0.902161, 0.547237, 0.527329, 0.423436, 0.698618, 0.128853, 0.157748, 0.818988, 0.657766, 0.641749, 0.566281, 0.249013, 0.861403, 0.787335, 0.351902, 0.091239, 0.879849, 0.271601, 0.580758, 0.351976, 0.725046
x_seq_t = 0.319756, 0.837163, 0.436317, 0.214965, 0.215799, 0.926906, 0.399156, 0.250462, 0.268269, 0.339248, 0.621991, 0.859880, 0.827672, 0.993044, 0.315333, 0.792651, 0.221105, 0.302121, 0.603153, 0.983693, 0.641467, 0.468268, 0.603736, 0.570675, 0.781686, 0.053173, 0.422301, 0.710027, 0.270105, 0.508011, 0.341870, 0.583299
x_seq_t = 0.008677, 0.705265, 0.455273, 0.363092, 0.281091, 0.582994, 0.523080, 0.878812, 0.197169, 0.822626, 0.895244, 0.390193, 0.658117, 0.702366, 0.793956, 0.938763, 0.538164, 0.655315, 0.056265, 0.555285, 0.263592, 0.406837, 0.714234, 0.783279, 0.148095, 0.603973, 0.308138, 0.834945, 0.790377, 0.130796, 0.482495, 0.924115
x_seq_t = 0.378411, 0.599738, 0.860117, 0.809128, 0.736067, 0.173593, 0.746844, 0.803138, 0.935526, 0.774397, 0.796615, 0.509272, 0.540960, 0.774650, 0.478359, 0.494295, 0.932262, 0.311233, 0.838936, 0.244604, 0.225649, 0.803610, 0.069831, 0.239897, 0.384277, 0.610945, 0.370988, 0.026329, 0.026972, 0.552075, 0.389240, 0.538851
x_seq_t = 0.455684, 0.248488, 0.907982, 0.836314, 0.974553, 0.564880, 0.196077, 0.719861, 0.619033, 0.033915, 0.708308, 0.331419, 0.529665, 0.474339, 0.700733, 0.277037, 0.508336, 0.561226, 0.451054, 0.350322, 0.241470, 0.480735, 0.025451, 0.316465, 0.459142, 0.888599, 0.131226, 0.515872, 0.618236, 0.288577, 0.556864, 0.152072
x_seq_t = 0.038205, 0.360525, 0.390649, 0.994858, 0.959703, 0.964788, 0.390164, 0.803237, 0.058159, 0.479471, 0.187850, 0.854445, 0.933821, 0.834301, 0.236923, 0.160131, 0.678919, 0.021043, 0.039905, 0.883788, 0.975094, 0.862513, 0.889095, 0.884368, 0.737657, 0.829818, 0.613203, 0.230639, 0.052836, 0.193923, 0.712796, 0.526327
x_seq_t = 0.315199, 0.761246, 0.059605, 0.923142, 0.501626, 0.269498, 0.980912, 0.559781, 0.963208, 0.733157, 0.729949, 0.414136, 0.230051, 0.197691, 0.977526, 0.123951, 0.635283, 0.638735, 0.761630, 0.791626, 0.832859, 0.221943, 0.084559, 0.001559, 0.947020, 0.847313, 0.862030, 0.226664, 0.707666, 0.720288, 0.196394, 0.680061
x_seq_t = 0.234232, 0.957290, 0.902015, 0.363819, 0.896400, 0.124877, 0.400083, 0.283175, 0.335158, 0.770371, 0.443861, 0.790122, 0.742243, 0.921582, 0.856659, 0.346769, 0.245338, 0.490801, 0.550157, 0.434639, 0.629831, 0.543593, 0.010681, 0.095629, 0.752593, 0.505016, 0.745541, 0.187233, 0.831199, 0.297417, 0.491693, 0.914643
x_seq_t = 0.229043, 0.211673, 0.778380, 0.533877, 0.702398, 0.258190, 0.031212, 0.085316, 0.844587, 0.010121, 0.635184, 0.162258, 0.841866, 0.059825, 0.882161, 0.403423, 0.852600, 0.999373, 0.735671, 0.059305, 0.606333, 0.814239, 0.949390, 0.392547, 0.788179, 0.931687, 0.091033, 0.085120, 0.844176, 0.713903, 0.367141, 0.665991
x_seq_t = 0.231308, 0.603082, 0.868430, 0.211051, 0.535845, 0.941464, 0.505986, 0.110930, 0.788934, 0.728574, 0.413621, 0.074473, 0.054286, 0.874932, 0.439936, 0.785515, 0.872113, 0.865789, 0.438748, 0.435282, 0.124693, 0.461708, 0.736859, 0.317815, 0.737858, 0.361493, 0.060984, 0.060414, 0.144491, 0.203171, 0.865962, 0.246620
x_seq_t = 0.799432, 0.524599, 0.927476, 0.168677, 0.679341, 0.627115, 0.136094, 0.585947, 0.751156, 0.834748, 0.926431, 0.191560, 0.521312, 0.523695, 0.752307, 0.458271, 0.599449, 0.386810, 0.751818, 0.854493, 0.996374, 0.993039, 0.050001, 0.568517, 0.925347, 0.747691, 0.851029, 0.475182, 0.110941, 0.159575, 0.415560, 0.959841
x_seq_t = 0.862316, 0.705036, 0.213486, 0.691773, 0.785608, 0.948552, 0.595860, 0.722577, 0.306669, 0.607744, 0.761694, 0.966236, 0.770773, 0.673857, 0.330437, 0.597897, 0.850613, 0.733119, 0.544205, 0.540560, 0.972789, 0.260406, 0.781585, 0.981659, 0.192361, 0.101321, 0.854564, 0.183910, 0.448752, 0.269401, 0.364845, 0.200032
x_seq_t = 0.150015, 0.177274, 0.887744, 0.596919, 0.102138, 0.541880, 0.061757, 0.899687, 0.238719, 0.622082, 0.259017, 0.793271, 0.792565, 0.851674, 0.035549, 0.975438, 0.062248, 0.436534, 0.859616, 0.548416, 0.701935, 0.895665, 0.969394, 0.890824, 0.447607, 0.653190, 0.101812, 0.492107, 0.591414, 0.016083, 0.029766, 0.076627
x_seq_t = 0.427913, 0.925375, 0.572766, 0.663209, 0.080343, 0.396632, 0.190548, 0.884665, 0.919127, 0.278816, 0.590907, 0.345623, 0.467344, 0.947987, 0.634173, 0.613048, 0.137766, 0.389372, 0.058846, 0.747163, 0.142508, 0.976022, 0.112215, 0.013879, 0.855938, 0.241827, 0.584525, 0.541445, 0.188069, 0.922594, 0.887083, 0.084472
x_seq_t = 0.357331, 0.643949, 0.532833, 0.621641, 0.534353, 0.471973, 0.454336, 0.535926, 0.969821, 0.668202, 0.162454, 0.340488, 0.738544, 0.538132, 0.307759, 0.989383, 0.174539, 0.040296, 0.599506, 0.400476, 0.950949, 0.629084, 0.380492, 0.040558, 0.512577, 0.557797, 0.735209, 0.432512, 0.946012, 0.193668, 0.831714, 0.014125
x_seq_t = 0.263014, 0.941905, 0.940374, 0.466759, 0.544172, 0.107015, 0.100474, 0.340136, 0.738062, 0.208398, 0.965773, 0.390084, 0.582482, 0.996319, 0.669278, 0.326266, 0.297635, 0.976711, 0.368938, 0.144257, 0.868535, 0.182596, 0.599870, 0.529795, 0.197609, 0.136734, 0.373304, 0.938511, 0.376765, 0.581535, 0.817820, 0.203556
x_seq_t = 0.909588, 0.660555, 0.639078, 0.858231, 0.705572, 0.368275, 0.558265, 0.638742, 0.507997, 0.144624, 0.325573, 0.378818, 0.230556, 0.633210, 0.092037, 0.809696, 0.509844, 0.073664, 0.191014, 0.022836, 0.777899, 0.438156, 0.750679, 0.487801, 0.819846, 0.775697, 0.097311, 0.383471, 0.702316, 0.303674, 0.733978, 0.720258
x_seq_t = 0.849977, 0.654294, 0.975416, 0.824749, 0.218998, 0.372486, 0.737323, 0.861846, 0.256588, 0.623777, 0.336597, 0.593366, 0.694181, 0.605206, 0.416786, 0.079361, 0.453953, 0.693924, 0.578429, 0.330027, 0.581638, 0.884167, 0.741694, 0.693868, 0.452295, 0.281704, 0.154210, 0.643124, 0.423963, 0.504058, 0.002032, 0.655905
x_seq_t = 0.167131, 0.249437, 0.492771, 0.646280, 0.421960, 0.268530, 0.534962, 0.365763, 0.691001, 0.146907, 0.911331, 0.820964, 0.251675, 0.565362, 0.812829, 0.211248, 0.306409, 0.311735, 0.318930, 0.473853, 0.487374, 0.380306, 0.485948, 0.030176, 0.124828, 0.760659, 0.232917, 0.576913, 0.516268, 0.151528, 0.900708, 0.413195
x_seq_t = 0.436544, 0.554854, 0.603328, 0.001533, 0.194180, 0.921467, 0.020617, 0.284638, 0.363788, 0.401637, 0.822404, 0.783251, 0.373407, 0.294732, 0.798007, 0.550341, 0.012705, 0.631727, 0.284984, 0.387122, 0.494882, 0.380932, 0.547790, 0.597193, 0.254910, 0.416549, 0.609600, 0.165600, 0.915244, 0.309769, 0.154567, 0.226455
x_seq_t = 0.371379, 0.321397, 0.009735, 0.840860, 0.338943, 0.697268, 0.508580, 0.387732, 0.737522, 0.680011, 0.000607, 0.163151, 0.747142, 0.965383, 0.846900, 0.337031, 0.276540, 0.936683, 0.775427, 0.447933, 0.160283, 0.749565, 0.318681, 0.050448, 0.235450, 0.484079, 0.759570, 0.963815, 0.352618, 0.933701, 0.226210, 0.588524
x_seq_t = 0.109985, 0.910293, 0.603946, 0.212042, 0.713087, 0.646802, 0.890748, 0.963834, 0.592450, 0.280642, 0.553132, 0.804106, 0.784482, 0.153172, 0.858007, 0.403220, 0.534280, 0.431971, 0.774579, 0.262992, 0.139651, 0.601954, 0.549380, 0.148798, 0.743435, 0.372708, 0.630650, 0.830721, 0.108348, 0.103752, 0.902453, 0.172161
x_seq_t = 0.016001, 0.873426, 0.470690, 0.168503, 0.255534, 0.612345, 0.700662, 0.750312, 0.359957, 0.310574, 0.650746, 0.560715, 0.545005, 0.079379, 0.946037, 0.660110, 0.017000, 0.589216, 0.382824, 0.852967, 0.898326, 0.361979, 0.826343, 0.096031, 0.198277, 0.856710, 0.862007, 0.666460, 0.453263, 0.070019, 0.172055, 0.170792
x_seq_t = 0.639578, 0.988236, 0.775107, 0.058291, 0.842574, 0.372890, 0.295664, 0.210689, 0.336851, 0.594891, 0.734470, 0.066093, 0.690993, 0.793328, 0.104036, 0.127995, 0.158604, 0.103738, 0.095610, 0.099779, 0.187540, 0.565961, 0.384369, 0.305327, 0.191501, 0.915745, 0.504749, 0.206913, 0.423992, 0.524059, 0.875969, 0.718455
x_seq_t = 0.118337, 0.165362, 0.207662, 0.846459, 0.594343, 0.623888, 0.747467, 0.108973, 0.719196, 0.386087, 0.953593, 0.276504, 0.230287, 0.922912, 0.782272, 0.397359, 0.598410, 0.434329, 0.748124, 0.505361, 0.712646, 0.661637, 0.893713, 0.289722, 0.211866, 0.670433, 0.722255, 0.621662, 0.199915, 0.111922, 0.001242, 0.090212
x_seq_t = 0.291700, 0.542978, 0.886877, 0.204310, 0.194417, 0.466047, 0.182239, 0.991642, 0.142474, 0.060454, 0.890353, 0.149007, 0.913534, 0.959743, 0.553170, 0.331257, 0.644808, 0.623782, 0.446102, 0.036495, 0.789415, 0.126747, 0.010526, 0.102594, 0.511662, 0.387153, 0.983046, 0.656719, 0.433651, 0.724755, 0.963048, 0.576720
x_seq_t = 0.583495, 0.275021, 0.495516, 0.316606, 0.324585, 0.751402, 0.934957, 0.860212, 0.111963, 0.072569, 0.780737, 0.934733, 0.452978, 0.715881, 0.261974, 0.566631, 0.005416, 0.376423, 0.850579, 0.818527, 0.905223, 0.065773, 0.158520, 0.652563, 0.369759, 0.736917, 0.655271, 0.877536, 0.677918, 0.480093, 0.312915, 0.767672
x_seq_t = 0.210697, 0.987891, 0.673722, 0.629771, 0.907862, 0.231626, 0.778530, 0.586648, 0.393830, 0.309529, 0.833378, 0.460028, 0.095930, 0.196128, 0.268461, 0.555081, 0.560722, 0.880371, 0.116154, 0.628617, 0.078564, 0.430348, 0.306678, 0.354555, 0.961871, 0.580645, 0.032976, 0.404728, 0.144034, 0.892909, 0.864573, 0.973242
x_seq_t = 0.272609, 0.092051, 0.208772, 0.565207, 0.823238, 0.513125, 0.748634, 0.561840, 0.444743, 0.258468, 0.940300, 0.039543, 0.857286, 0.768712, 0.018386, 0.154004, 0.542053, 0.113389, 0.735810, 0.965160, 0.296571, 0.140141, 0.642093, 0.995942, 0.949728, 0.609315, 0.213455, 0.339105, 0.843960, 0.781558, 0.318236, 0.464275
x_seq_t = 0.953737, 0.444352, 0.376041, 0.050570, 0.433439, 0.147911, 0.775872, 0.250806, 0.602695, 0.576593, 0.507586, 0.577780, 0.602901, 0.696444, 0.806892, 0.054447, 0.798251, 0.486762, 0.427566, 0.743660, 0.921552, 0.259730, 0.583027, 0.387228, 0.493228, 0.543550, 0.894356, 0.771348, 0.409549, 0.123364, 0.949861, 0.618934
x_seq_t = 0.853112, 0.978549, 0.792101, 0.917093, 0.870820, 0.054311, 0.811359, 0.768844, 0.900299, 0.488953, 0.113813, 0.298288, 0.566005, 0.485966, 0.480449, 0.581369, 0.654997, 0.646904, 0.483050, 0.185208, 0.918237, 0.340611, 0.922379, 0.604737, 0.684867, 0.554848, 0.687191, 0.796845, 0.303085, 0.155812, 0.623201, 0.418628
x_seq_t = 0.228121, 0.707835, 0.743183, 0.199934, 0.587888, 0.484651, 0.184347, 0.484782, 0.575894, 0.370741, 0.484169, 0.737455, 0.612835, 0.822503, 0.635909, 0.680796, 0.296266, 0.414701, 0.840984, 0.060036, 0.892326, 0.014199, 0.176958, 0.365385, 0.195450, 0.313045, 0.973215, 0.856112, 0.151636, 0.860521, 0.604621, 0.906660
x_seq_t = 0.075222, 0.424993, 0.704499, 0.184536, 0.173103, 0.097051, 0.696990, 0.643574, 0.882333, 0.116263, 0.931591, 0.626989, 0.900248, 0.848140, 0.752326, 0.117186, 0.313911, 0.384436, 0.972928, 0.168201, 0.328633, 0.865090, 0.948524, 0.769734, 0.827481, 0.178615, 0.985054, 0.527305, 0.122281, 0.278050, 0.503423, 0.124106
x_seq_t = 0.093019, 0.422209, 0.280724, 0.852797, 0.597016, 0.520399, 0.424856, 0.311739, 0.453119, 0.694846, 0.875930, 0.340088, 0.653068, 0.592125, 0.152270, 0.082571, 0.472685, 0.860796, 0.156490, 0.759464, 0.866747, 0.357115, 0.857215, 0.239692, 0.132294, 0.449112, 0.477977, 0.776169, 0.833368, 0.987212, 0.824407, 0.178498
x_seq_t = 0.766719, 0.493131, 0.481475, 0.411595, 0.577780, 0.316420, 0.158491, 0.882596, 0.451672, 0.564587, 0.497883, 0.688238, 0.773570, 0.851791, 0.167400, 0.487753, 0.065467, 0.919158, 0.543083, 0.031994, 0.092703, 0.534055, 0.837189, 0.553521, 0.112227, 0.615638, 0.894902, 0.112103, 0.028472, 0.585751, 0.960424, 0.310078
x_seq_t = 0.227381, 0.048238, 0.101217, 0.498428, 0.099101, 0.173889, 0.217980, 0.846429, 0.860952, 0.204510, 0.225602, 0.714668, 0.643018, 0.827001, 0.526083, 0.204855, 0.727099, 0.383824, 0.390851, 0.976366, 0.025661, 0.634218, 0.061013, 0.139708, 0.759094, 0.893651, 0.972489, 0.018950, 0.242578, 0.421828, 0.897741, 0.755652
x_seq_t = 0.573925, 0.007312, 0.972402, 0.445255, 0.312184, 0.758015, 0.568115, 0.812402, 0.984781, 0.678874, 0.689448, 0.128506, 0.635857, 0.204579, 0.609117, 0.217116, 0.957902, 0.647641, 0.925515, 0.423833, 0.182407, 0.300609, 0.040209, 0.530088, 0.273883, 0.980226, 0.763968, 0.792509, 0.740153, 0.905622, 0.600030, 0.520978
x_seq_t = 0.430454, 0.838588, 0.226054, 0.067086, 0.469849, 0.614011, 0.737339, 0.273918, 0.103690, 0.578070, 0.998004, 0.043179, 0.300582, 0.318079, 0.648176, 0.462874, 0.135902, 0.887006, 0.195698, 0.536860, 0.257122, 0.397731, 0.167691, 0.899762, 0.211032, 0.853145, 0.698947, 0.647332, 0.700656, 0.172655, 0.894259, 0.749543
x_seq_t = 0.947476, 0.235641, 0.256371, 0.799686, 0.988759, 0.154985, 0.853672, 0.738711, 0.229412, 0.064274, 0.943090, 0.250619, 0.215600, 0.989816, 0.071550, 0.947115, 0.379203, 0.462205, 0.799751, 0.057604, 0.415279, 0.637705, 0.084331, 0.551161, 0.767193, 0.306668, 0.128829, 0.430609, 0.368182, 0.942110, 0.062905, 0.438843
x_seq_t = 0.727870, 0.574492, 0.462774, 0.461930, 0.123205, 0.136768, 0.994656, 0.120530, 0.314591, 0.214208, 0.457868, 0.159345, 0.793035, 0.520898, 0.695836, 0.471068, 0.466625, 0.332876, 0.822368, 0.536514, 0.146128, 0.325127, 0.490083, 0.200894, 0.591438, 0.282138, 0.816635, 0.525810, 0.795615, 0.433942, 0.921102, 0.245929
spike_seq: tensor([[0., 0., 0.,  ..., 0., 0., 0.],
        [0., 0., 0.,  ..., 0., 0., 0.],
        [0., 0., 0.,  ..., 0., 0., 0.],
        ...,
        [0., 0., 0.,  ..., 0., 0., 0.],
        [0., 0., 0.,  ..., 0., 0., 0.],
        [0., 0., 0.,  ..., 0., 0., 0.]], device='cuda:0')
y_triton.sum = 0.0
y_torch.sum = 5617385.0
max error of y_seq tensor(1., device='cuda:0')
